MB 0 ->128 128 128 128 128 128 128 128 128 128 128 128 128 128 128 128 128 128 128 128 128 128 128 128 128 128 128 128 128 128 128 128 128 
MB 1 ->Left_aval 128 128 128 128 128 128 128 128 128 128 128 128 128 128 128 128 128 170 170 170 170 170 232 232 232 220 232 219 219 219 218 219 219 
MB 2 ->Left_aval 128 128 128 128 128 128 128 128 128 128 128 128 128 128 128 128 128 170 170 170 170 170 234 234 234 234 234 234 234 234 234 234 234 
MB 3 ->Left_aval 128 128 128 128 128 128 128 128 128 128 128 128 128 128 128 128 128 170 170 170 170 170 213 213 213 212 212 132 132 132 132 213 213 
MB 4 ->Left_aval 128 128 128 128 128 128 128 128 128 128 128 128 128 128 128 128 128 170 170 170 170 170 104 96 104 145 144 144 144 144 144 109 144 
MB 5 ->Left_aval 128 128 128 128 128 128 128 128 128 128 128 128 128 128 128 128 128 170 170 170 170 108 107 106 106 108 108 107 108 107 107 106 106 
MB 6 ->Left_aval 128 128 128 128 128 128 128 128 128 128 128 128 128 128 128 128 128 170 170 170 170 140 139 140 140 139 170 139 139 139 139 139 106 
MB 7 ->Left_aval 128 128 128 128 128 128 128 128 128 128 128 128 128 128 128 128 128 170 170 170 170 144 144 144 144 144 144 143 144 144 144 101 143 
MB 8 ->Left_aval 128 128 128 128 128 128 128 128 128 128 128 128 128 128 128 128 128 170 170 170 97 97 135 139 139 135 92 129 93 92 92 128 128 
MB 9 ->Left_aval 128 128 128 128 128 128 128 128 128 128 128 128 128 128 128 128 128 170 170 170 70 70 85 86 86 86 86 86 91 91 87 86 85 
MB 10 ->Left_aval 128 128 128 128 128 128 128 128 128 128 128 128 128 128 128 128 128 170 170 170 61 140 140 140 140 141 83 96 97 101 97 96 94 
MB 11 ->Left_aval 128 128 128 128 128 128 128 128 128 128 128 128 128 128 128 128 128 170 170 170 170 141 141 141 141 141 141 141 116 118 141 143 83 
MB 12 ->Left_aval 128 128 128 128 128 128 128 128 128 128 128 128 128 128 128 128 128 170 170 170 170 137 137 137 137 137 137 137 137 137 137 137 137 
MB 13 ->Left_aval 128 128 128 128 128 128 128 128 128 128 128 128 128 128 128 128 128 170 170 170 170 140 140 170 213 213 213 211 213 211 211 211 213 
MB 14 ->Left_aval 128 128 128 128 128 128 128 128 128 128 128 128 128 128 128 128 128 170 170 170 170 138 138 138 138 138 138 138 138 137 170 221 220 
MB 15 ->Left_aval 128 128 128 128 128 128 128 128 128 128 128 128 128 128 128 128 128 170 170 170 170 139 139 139 139 139 139 139 139 139 139 139 139 
MB 16 ->Left_aval 128 128 128 128 128 128 128 128 128 128 128 128 128 128 128 128 128 170 170 170 170 170 170 170 170 170 170 170 170 170 170 170 170 
MB 17 ->Left_aval 128 128 128 128 128 128 128 128 128 128 128 128 128 128 128 128 128 170 170 170 170 135 135 135 135 128 128 127 127 234 234 234 234 
MB 18 ->Left_aval 128 128 128 128 128 128 128 128 128 128 128 128 128 128 128 128 128 170 170 54 54 54 54 137 137 137 54 137 137 136 136 135 133 
MB 19 ->Left_aval 128 128 128 128 128 128 128 128 128 128 128 128 128 128 128 128 128 170 170 170 170 131 131 114 113 109 109 128 129 128 129 129 128 
MB 20 ->Left_aval 128 128 128 128 128 128 128 128 128 128 128 128 128 128 128 128 128 170 170 170 170 170 170 128 128 127 127 170 170 170 170 170 215 
MB 21 ->Left_aval 128 128 128 128 128 128 128 128 128 128 128 128 128 128 128 128 128 170 170 170 170 136 134 140 134 134 170 140 140 140 141 141 91 
MB 22 ->Left_aval 128 128 128 128 128 128 128 128 128 128 128 128 128 128 128 128 128 170 170 170 170 132 131 131 131 130 132 130 132 131 132 132 131 
MB 23 ->Left_aval 128 128 128 128 128 128 128 128 128 128 128 128 128 128 128 128 128 170 170 170 170 170 138 108 137 138 138 141 141 141 138 138 138 
MB 24 ->Left_aval 128 128 128 128 128 128 128 128 128 128 128 128 128 128 128 128 128 170 170 170 170 133 133 133 133 135 135 134 135 134 133 134 135 
MB 25 ->Left_aval 128 128 128 128 128 128 128 128 128 128 128 128 128 128 128 128 128 170 170 170 170 132 132 93 93 85 94 93 95 95 96 95 97 
MB 26 ->Left_aval 128 128 128 128 128 128 128 128 128 128 128 128 128 128 128 128 128 170 170 170 170 170 90 89 89 116 116 101 101 109 91 91 93 
MB 27 ->Left_aval 128 128 128 128 128 128 128 128 128 128 128 128 128 128 128 128 128 170 170 170 170 129 129 129 129 110 128 110 110 92 93 93 92 
MB 28 ->Left_aval 128 128 128 128 128 128 128 128 128 128 128 128 128 128 128 128 128 170 170 170 170 134 89 135 135 136 170 138 142 140 145 145 144 
MB 29 ->Left_aval 128 128 128 128 128 128 128 128 128 128 128 128 128 128 128 128 128 170 170 55 55 55 54 54 129 55 55 55 55 55 55 55 55 
MB 30 ->Left_aval 128 128 128 128 128 128 128 128 128 128 128 128 128 128 128 128 128 170 170 170 170 130 130 128 128 128 128 103 103 103 93 92 92 
MB 31 ->Left_aval 128 128 128 128 128 128 128 128 128 128 128 128 128 128 128 128 128 170 170 170 170 128 127 127 128 128 128 128 128 128 129 128 113 
MB 32 ->Left_aval 128 128 128 128 128 128 128 128 128 128 128 128 128 128 128 128 128 170 170 58 58 58 58 58 170 130 130 97 98 98 98 98 109 
MB 33 ->Left_aval 128 128 128 128 128 128 128 128 128 128 128 128 128 128 128 128 128 170 170 170 170 133 133 134 134 131 131 132 132 129 130 130 130 
MB 34 ->Left_aval 128 128 128 128 128 128 128 128 128 128 128 128 128 128 128 128 128 170 170 170 170 126 114 126 126 113 113 213 213 213 213 213 213 
MB 35 ->Left_aval 128 128 128 128 128 128 128 128 128 128 128 128 128 128 128 128 128 170 170 170 170 170 170 170 170 170 170 170 170 192 192 189 191 
MB 36 ->Left_aval 128 128 128 128 128 128 128 128 128 128 128 128 128 128 128 128 128 170 170 170 170 170 231 231 230 229 230 230 230 231 231 212 212 
MB 37 ->Left_aval 128 128 128 128 128 128 128 128 128 128 128 128 128 128 128 128 128 170 170 170 53 53 53 53 54 53 53 54 53 52 52 54 53 
MB 38 ->Left_aval 128 128 128 128 128 128 128 128 128 128 128 128 128 128 128 128 128 170 170 170 170 170 229 229 231 227 227 227 227 227 227 222 221 
MB 39 ->Left_aval 128 128 128 128 128 128 128 128 128 128 128 128 128 128 128 128 128 170 170 170 170 137 216 137 137 137 170 217 217 218 218 170 170 
MB 40 ->Left_aval 128 128 128 128 128 128 128 128 128 128 128 128 128 128 128 128 128 170 170 170 170 137 137 170 170 170 170 217 217 218 218 217 217 
MB 41 ->Left_aval 128 128 128 128 128 128 128 128 128 128 128 128 128 128 128 128 128 170 170 170 170 170 223 223 223 223 223 223 225 224 224 224 103 
MB 42 ->Left_aval 128 128 128 128 128 128 128 128 128 128 128 128 128 128 128 128 128 170 170 170 170 137 137 170 170 170 170 170 170 170 170 232 232 
MB 43 ->Left_aval 128 128 128 128 128 128 128 128 128 128 128 128 128 128 128 128 128 170 170 170 170 135 135 170 170 170 170 170 136 136 133 134 133 
MB 44 ->Left_aval 128 128 128 128 128 128 128 128 128 128 128 128 128 128 128 128 128 170 53 53 53 52 52 53 53 53 53 53 53 53 52 52 53 
MB 45 ->Left_aval 128 128 128 128 128 128 128 128 128 128 128 128 128 128 128 128 128 170 170 170 170 108 108 170 212 212 212 215 215 215 215 215 215 
MB 46 ->Left_aval 128 128 128 128 128 128 128 128 128 128 128 128 128 128 128 128 128 170 170 170 170 108 108 106 87 107 107 83 85 85 170 234 226 
MB 47 ->Left_aval 128 128 128 128 128 128 128 128 128 128 128 128 128 128 128 128 128 170 170 170 170 170 193 193 170 170 170 214 214 170 170 170 170 
MB 48 ->Left_aval 128 128 128 128 128 128 128 128 128 128 128 128 128 128 128 128 128 170 170 170 170 170 170 170 170 170 170 228 228 170 170 228 228 
MB 49 ->Left_aval 128 128 128 128 128 128 128 128 128 128 128 128 128 128 128 128 128 170 170 170 170 170 170 170 170 170 170 170 170 170 170 170 170 
MB 50 ->Left_aval 128 128 128 128 128 128 128 128 128 128 128 128 128 128 128 128 128 170 170 170 170 170 170 170 170 170 170 170 170 170 170 170 170 
MB 51 ->Left_aval 128 128 128 128 128 128 128 128 128 128 128 128 128 128 128 128 128 170 170 170 170 170 170 170 170 170 170 170 170 170 170 170 170 
MB 52 ->Left_aval 128 128 128 128 128 128 128 128 128 128 128 128 128 128 128 128 128 170 170 170 170 170 170 170 170 170 170 170 170 170 170 170 170 
MB 53 ->Left_aval 128 128 128 128 128 128 128 128 128 128 128 128 128 128 128 128 128 170 170 170 170 170 170 170 170 170 170 170 170 170 170 170 170 
MB 54 ->Left_aval 128 128 128 128 128 128 128 128 128 128 128 128 128 128 128 128 128 170 170 170 170 170 170 170 170 170 170 170 170 170 170 170 170 
MB 55 ->Left_aval 128 128 128 128 128 128 128 128 128 128 128 128 128 128 128 128 128 170 170 170 170 170 214 213 213 213 213 214 214 215 215 216 214 
MB 56 ->Left_aval 128 128 128 128 128 128 128 128 128 128 128 128 128 128 128 128 128 170 170 170 170 170 100 84 95 98 98 101 104 101 100 100 97 
MB 57 ->Left_aval 128 128 128 128 128 128 128 128 128 128 128 128 128 128 128 128 128 170 170 170 170 170 233 235 197 195 195 132 140 139 139 138 138 
MB 58 ->Left_aval 128 128 128 128 128 128 128 128 128 128 128 128 128 128 128 128 128 170 170 170 170 144 144 141 140 140 140 140 140 140 140 140 140 
MB 59 ->Left_aval 128 128 128 128 128 128 128 128 128 128 128 128 128 128 128 128 128 170 170 170 170 137 124 124 126 124 124 124 127 125 128 126 126 
MB 60 ->Left_aval 128 128 128 128 128 128 128 128 128 128 128 128 128 128 128 128 128 170 170 170 170 170 96 96 97 94 89 87 90 88 52 52 52 
MB 61 ->Left_aval 128 128 128 128 128 128 128 128 128 128 128 128 128 128 128 128 128 170 170 170 65 65 47 46 64 54 56 57 54 56 54 56 55 
MB 62 ->Left_aval 128 128 128 128 128 128 128 128 128 128 128 128 128 128 128 128 128 170 170 170 44 46 41 41 41 43 43 43 43 43 43 43 43 
MB 63 ->Left_aval 128 128 128 128 128 128 128 128 128 128 128 128 128 128 128 128 128 170 170 170 50 58 50 48 48 48 48 48 48 48 48 48 48 
MB 64 ->Left_aval 128 128 128 128 128 128 128 128 128 128 128 128 128 128 128 128 128 170 170 55 55 55 55 53 53 53 53 52 53 53 52 53 52 
MB 65 ->Left_aval 128 128 128 128 128 128 128 128 128 128 128 128 128 128 128 128 128 170 170 54 54 127 127 56 128 56 56 56 57 57 56 57 57 
MB 66 ->Left_aval 128 128 128 128 128 128 128 128 128 128 128 128 128 128 128 128 128 170 170 170 170 59 60 60 59 59 59 60 60 60 59 59 60 
MB 67 ->Left_aval 128 128 128 128 128 128 128 128 128 128 128 128 128 128 128 128 128 170 170 60 60 62 62 63 62 62 62 62 62 62 59 62 62 
MB 68 ->Left_aval 128 128 128 128 128 128 128 128 128 128 128 128 128 128 128 128 128 170 170 57 57 65 65 65 65 65 65 65 65 64 64 65 65 
MB 69 ->Left_aval 128 128 128 128 128 128 128 128 128 128 128 128 128 128 128 128 128 170 66 66 65 65 66 66 66 66 66 66 66 66 66 66 66 
MB 70 ->Left_aval 128 128 128 128 128 128 128 128 128 128 128 128 128 128 128 128 128 170 170 57 49 63 63 170 63 63 63 62 63 63 63 63 63 
MB 71 ->Left_aval 128 128 128 128 128 128 128 128 128 128 128 128 128 128 128 128 128 170 66 66 60 60 61 60 60 60 60 60 60 61 60 60 60 
MB 72 ->Left_aval 128 128 128 128 128 128 128 128 128 128 128 128 128 128 128 128 128 170 170 170 57 57 58 58 58 58 58 57 57 58 57 57 57 
MB 73 ->Left_aval 128 128 128 128 128 128 128 128 128 128 128 128 128 128 128 128 128 170 63 65 55 55 56 56 56 56 56 55 55 56 56 56 56 
MB 74 ->Left_aval 128 128 128 128 128 128 128 128 128 128 128 128 128 128 128 128 128 170 60 60 53 54 54 54 54 54 54 53 54 54 54 54 54 
MB 75 ->Left_aval 128 128 128 128 128 128 128 128 128 128 128 128 128 128 128 128 128 170 54 52 52 53 53 53 53 53 52 52 53 53 53 52 52 
MB 76 ->Left_aval 128 128 128 128 128 128 128 128 128 128 128 128 128 128 128 128 128 170 53 51 51 52 52 51 51 52 51 51 52 52 51 51 51 
MB 77 ->Left_aval 128 128 128 128 128 128 128 128 128 128 128 128 128 128 128 128 128 170 170 50 50 51 148 50 50 50 50 50 51 50 50 50 50 
MB 78 ->Left_aval 128 128 128 128 128 128 128 128 128 128 128 128 128 128 128 128 128 170 52 50 50 50 50 50 50 50 50 50 50 50 50 50 50 
MB 79 ->Left_aval 128 128 128 128 128 128 128 128 128 128 128 128 128 128 128 128 128 170 170 49 49 50 50 50 50 50 49 49 50 50 50 50 50 
MB 80 ->Left_aval 128 128 128 128 128 128 128 128 128 128 128 128 128 128 128 128 128 170 170 49 49 50 50 50 50 50 49 49 50 49 49 49 49 
MB 81 ->Left_aval 128 128 128 128 128 128 128 128 128 128 128 128 128 128 128 128 128 170 55 49 49 50 50 50 50 50 49 49 50 50 50 50 50 
MB 82 ->Left_aval 128 128 128 128 128 128 128 128 128 128 128 128 128 128 128 128 128 170 58 50 50 50 50 50 50 50 50 50 50 50 50 50 50 
MB 83 ->Left_aval 128 128 128 128 128 128 128 128 128 128 128 128 128 128 128 128 128 170 170 50 50 51 51 50 50 51 50 50 51 50 50 50 50 
MB 84 ->Left_aval 128 128 128 128 128 128 128 128 128 128 128 128 128 128 128 128 128 170 60 60 51 52 52 52 52 52 51 51 52 52 51 51 51 
MB 85 ->Left_aval 128 128 128 128 128 128 128 128 128 128 128 128 128 128 128 128 128 170 60 60 53 53 53 53 53 53 52 52 53 53 53 53 53 
MB 86 ->Left_aval 128 128 128 128 128 128 128 128 128 128 128 128 128 128 128 128 128 170 56 63 55 54 54 54 54 55 54 54 55 55 54 54 54 
MB 87 ->Left_aval 128 128 128 128 128 128 128 128 128 128 128 128 128 128 128 128 128 170 170 60 60 61 56 92 56 56 56 56 55 56 56 56 56 
MB 88 ->Left_aval 128 128 128 128 128 128 128 128 128 128 128 128 128 128 128 128 128 170 170 63 63 63 58 58 58 58 58 58 58 59 58 58 58 
MB 89 ->Left_aval 128 128 128 128 128 128 128 128 128 128 128 128 128 128 128 128 128 170 64 64 64 64 61 60 61 61 61 60 60 61 60 60 60 
MB 90 ->Left_aval 128 128 128 128 128 128 128 128 128 128 128 128 128 128 128 128 128 170 66 66 65 65 63 170 62 62 63 61 61 64 63 63 63 
MB 91 ->Left_aval 128 128 128 128 128 128 128 128 128 128 128 128 128 128 128 128 128 170 170 61 66 65 66 66 65 65 66 66 66 66 66 66 66 
MB 92 ->Left_aval 128 128 128 128 128 128 128 128 128 128 128 128 128 128 128 128 128 170 170 62 64 63 64 64 64 65 64 65 64 64 64 64 65 
MB 93 ->Left_aval 128 128 128 128 128 128 128 128 128 128 128 128 128 128 128 128 128 170 170 62 62 61 62 61 63 63 62 62 62 62 61 62 62 
MB 94 ->Left_aval 128 128 128 128 128 128 128 128 128 128 128 128 128 128 128 128 128 170 170 170 170 142 142 142 59 59 59 59 59 59 59 59 59 
MB 95 ->Left_aval 128 128 128 128 128 128 128 128 128 128 128 128 128 128 128 128 128 170 170 170 41 46 42 45 45 55 56 56 56 56 55 56 56 
MB 96 ->Left_aval 128 128 128 128 128 128 128 128 128 128 128 128 128 128 128 128 128 170 170 170 41 50 49 45 49 49 52 52 52 52 51 52 52 
MB 97 ->Left_aval 128 128 128 128 128 128 128 128 128 128 128 128 128 128 128 128 128 170 170 170 45 46 47 46 43 47 47 47 47 47 46 47 47 
MB 98 ->Left_aval 128 128 128 128 128 128 128 128 128 128 128 128 128 128 128 128 128 170 170 170 41 42 41 41 42 41 41 42 42 42 42 41 41 
MB 99 ->Left_aval 128 128 128 128 128 128 128 128 128 128 128 128 128 128 128 128 128 170 170 170 75 75 70 70 67 58 59 57 57 58 58 60 61 
MB 100 ->Left_aval 128 128 128 128 128 128 128 128 128 128 128 128 128 128 128 128 128 170 170 170 170 170 232 232 100 100 94 93 93 93 93 98 97 
MB 101 ->Left_aval 128 128 128 128 128 128 128 128 128 128 128 128 128 128 128 128 128 170 59 59 170 139 139 139 138 139 136 137 137 132 136 137 137 
MB 102 ->Left_aval 128 128 128 128 128 128 128 128 128 128 128 128 128 128 128 128 128 170 170 170 170 144 144 144 144 144 144 144 144 144 142 142 143 
MB 103 ->Left_aval 128 128 128 128 128 128 128 128 128 128 128 128 128 128 128 128 128 170 170 170 170 170 170 170 170 170 170 170 170 170 170 133 131 
MB 104 ->Left_aval 128 128 128 128 128 128 128 128 128 128 128 128 128 128 128 128 128 170 170 170 170 170 230 230 228 228 229 229 229 230 230 229 88 
MB 105 ->Left_aval 128 128 128 128 128 128 128 128 128 128 128 128 128 128 128 128 128 170 170 170 170 170 170 170 232 230 230 230 230 227 227 220 218 
MB 106 ->Left_aval 128 128 128 128 128 128 128 128 128 128 128 128 128 128 128 128 128 170 170 170 170 170 170 170 170 170 170 170 170 170 170 170 170 
MB 107 ->Left_aval 128 128 128 128 128 128 128 128 128 128 128 128 128 128 128 128 128 170 170 170 170 170 170 170 170 170 170 170 170 170 170 170 170 
MB 108 ->Left_aval 128 128 128 128 128 128 128 128 128 128 128 128 128 128 128 128 128 170 170 170 170 170 170 170 170 170 170 170 170 170 170 170 170 
MB 109 ->Left_aval 128 128 128 128 128 128 128 128 128 128 128 128 128 128 128 128 128 170 170 170 170 170 170 170 170 170 170 170 170 170 170 170 170 
MB 110 ->Left_aval 128 128 128 128 128 128 128 128 128 128 128 128 128 128 128 128 128 170 170 170 170 170 170 170 170 170 170 170 170 170 170 170 170 
MB 111 ->Left_aval 128 128 128 128 128 128 128 128 128 128 128 128 128 128 128 128 128 170 170 170 170 170 170 170 170 170 170 170 170 170 170 170 170 
MB 112 ->Left_aval 128 128 128 128 128 128 128 128 128 128 128 128 128 128 128 128 128 170 170 170 170 170 170 170 170 170 170 170 170 170 170 170 232 
MB 113 ->Up_aval 128 170 170 170 170 234 233 212 212 212 232 219 219 219 219 219 219 128 128 128 128 128 128 128 128 128 128 128 128 128 128 128 128 
MB 114 ->Up_aval Left_aval All_aval 219 218 218 218 218 84 84 85 84 219 219 219 219 219 220 222 234 220 218 218 219 218 220 219 222 218 218 170 83 83 83 127 127 
MB 115 ->Up_aval Left_aval All_aval 234 234 234 234 234 235 235 215 215 215 215 214 132 132 132 132 213 234 222 222 222 222 222 191 186 161 160 161 107 107 125 127 126 
MB 116 ->Up_aval Left_aval All_aval 213 213 214 213 213 214 214 214 144 144 144 144 144 170 122 118 144 132 213 132 213 132 156 155 132 155 132 132 132 137 137 138 138 
MB 117 ->Up_aval Left_aval All_aval 144 100 89 82 84 86 170 170 93 94 96 99 101 102 104 105 106 144 144 144 144 117 117 118 144 144 144 144 126 144 144 144 144 
MB 118 ->Up_aval Left_aval All_aval 106 109 110 110 110 110 110 109 108 108 108 107 107 139 139 106 106 108 106 109 107 108 107 130 133 131 135 135 135 135 135 136 136 
MB 119 ->Up_aval Left_aval All_aval 106 106 140 105 140 104 135 104 103 103 135 136 144 101 101 101 143 106 106 107 107 106 106 106 107 107 138 138 138 140 140 140 140 
MB 120 ->Up_aval Left_aval All_aval 143 100 144 99 99 99 98 98 99 100 126 127 129 127 127 128 128 100 100 99 98 99 99 105 107 107 170 170 170 170 170 170 143 
MB 121 ->Up_aval Left_aval All_aval 128 93 90 90 94 95 97 130 129 129 129 88 87 87 87 86 85 96 129 93 128 127 126 127 94 97 97 170 170 94 144 96 95 
MB 122 ->Up_aval Left_aval All_aval 85 85 84 84 83 82 82 94 94 94 100 98 99 99 99 98 94 86 86 86 86 87 86 170 170 170 170 170 170 142 142 142 142 
MB 123 ->Up_aval Left_aval All_aval 94 92 93 54 54 56 56 90 90 91 91 89 91 93 86 84 83 94 98 98 98 96 96 95 112 170 170 170 170 138 137 137 137 
MB 124 ->Up_aval Left_aval All_aval 83 149 154 160 162 165 167 167 170 175 176 173 170 169 172 175 137 84 143 143 145 83 83 83 83 82 83 170 170 170 170 170 170 
MB 125 ->Up_aval Left_aval All_aval 137 137 137 137 195 211 211 211 212 211 212 212 212 212 213 213 213 137 198 137 137 137 170 196 137 137 137 170 170 170 170 126 126 
MB 126 ->Up_aval Left_aval All_aval 213 213 214 214 214 214 215 213 215 220 220 137 137 220 220 220 220 213 213 213 213 213 211 211 109 211 102 102 211 170 102 102 102 
MB 127 ->Up_aval Left_aval All_aval 220 220 220 228 228 228 227 227 227 227 227 227 227 228 170 139 139 220 220 220 211 210 210 135 134 128 124 126 123 127 130 130 83 
MB 128 ->Up_aval Left_aval All_aval 139 170 170 170 126 126 127 127 127 170 170 170 170 170 170 170 170 139 139 139 139 139 139 139 139 125 125 170 170 170 108 108 103 
MB 129 ->Up_aval Left_aval All_aval 170 170 170 225 225 225 225 224 224 224 224 225 225 225 225 234 234 170 170 170 216 98 98 99 100 100 99 99 99 131 131 129 129 
MB 130 ->Up_aval Left_aval All_aval 234 126 126 129 128 128 131 129 129 129 130 132 132 132 133 134 133 234 234 234 234 234 234 234 170 116 116 170 170 134 134 170 94 
MB 131 ->Up_aval Left_aval All_aval 133 54 54 55 55 55 55 55 55 134 133 132 132 130 129 126 128 134 134 133 132 132 132 170 170 170 170 170 140 140 140 75 77 
MB 132 ->Up_aval Left_aval All_aval 128 126 126 127 127 127 127 128 129 129 129 129 129 128 128 128 215 128 126 126 126 77 77 170 170 170 170 170 70 70 72 73 72 
MB 133 ->Up_aval Left_aval All_aval 215 215 215 215 170 91 91 158 158 157 156 156 90 91 101 92 91 215 89 92 92 93 93 93 94 92 97 97 81 81 170 170 71 
MB 134 ->Up_aval Left_aval All_aval 91 139 91 93 94 91 93 91 92 93 91 146 145 145 131 131 131 91 92 92 92 90 90 91 90 170 170 84 84 170 170 170 71 
MB 135 ->Up_aval Left_aval All_aval 131 67 66 66 66 66 66 66 66 66 131 131 132 131 138 138 138 67 67 67 67 67 67 67 67 67 67 67 67 67 67 67 67 
MB 136 ->Up_aval Left_aval All_aval 138 137 130 130 131 131 132 132 132 139 140 139 139 139 139 135 135 138 137 136 136 130 130 131 131 170 170 170 144 98 144 93 99 
MB 137 ->Up_aval Left_aval All_aval 135 136 132 132 133 132 93 96 96 96 96 97 97 97 96 97 97 135 90 95 94 95 95 93 102 102 46 46 43 43 46 47 47 
MB 138 ->Up_aval Left_aval All_aval 97 94 94 95 94 94 95 95 95 96 95 94 93 92 93 93 93 97 98 101 101 101 101 102 102 102 102 102 98 132 132 134 134 
MB 139 ->Up_aval Left_aval All_aval 93 93 86 87 129 89 89 91 91 89 91 90 127 128 128 91 92 93 93 100 100 144 144 170 170 170 145 145 170 145 93 105 144 
MB 140 ->Up_aval Left_aval All_aval 92 128 128 132 133 134 136 138 140 142 143 144 144 144 145 145 144 128 92 128 98 99 99 140 170 170 170 170 170 170 71 71 68 
MB 141 ->Up_aval Left_aval All_aval 144 144 145 144 144 144 144 144 144 144 144 143 143 180 160 54 55 145 144 145 145 145 144 145 170 105 105 170 170 170 170 170 170 
MB 142 ->Up_aval Left_aval All_aval 55 55 172 83 84 83 96 96 87 89 92 92 91 93 93 92 92 55 55 55 55 55 55 55 55 55 55 55 55 55 55 55 55 
MB 143 ->Up_aval Left_aval All_aval 92 91 92 91 91 90 231 222 222 127 127 127 127 127 112 112 113 92 93 93 93 170 170 108 108 170 170 170 170 170 170 52 52 
MB 144 ->Up_aval Left_aval All_aval 113 113 114 82 83 84 85 87 87 217 217 217 217 217 217 97 109 113 223 222 216 216 215 106 82 82 105 170 170 170 83 83 84 
MB 145 ->Up_aval Left_aval All_aval 109 42 42 113 113 126 126 127 128 128 129 130 131 131 131 130 130 109 42 42 42 42 42 42 42 42 42 42 42 42 43 43 42 
MB 146 ->Up_aval Left_aval All_aval 130 130 130 129 129 129 129 212 212 212 212 212 212 212 213 213 213 129 129 129 129 130 130 138 131 131 138 137 137 137 46 47 47 
MB 147 ->Up_aval Left_aval All_aval 213 213 212 212 212 211 211 211 210 208 202 196 191 185 188 189 191 213 213 213 213 213 170 114 114 170 170 126 126 122 122 121 43 
MB 148 ->Up_aval Left_aval All_aval 191 193 197 199 201 209 210 210 211 211 211 211 211 211 211 212 212 107 107 170 170 170 138 138 170 170 137 137 138 25 45 26 26 
MB 149 ->Up_aval Left_aval All_aval 212 212 212 212 213 213 213 213 213 214 214 214 214 215 52 52 53 212 212 212 212 141 141 170 170 170 138 52 23 23 41 23 23 
MB 150 ->Up_aval Left_aval All_aval 53 53 54 192 192 192 189 189 223 222 222 222 221 221 221 221 221 53 53 53 53 53 54 53 53 53 53 53 53 53 51 52 43 
MB 151 ->Up_aval Left_aval All_aval 221 170 231 231 231 170 170 170 170 170 170 170 231 231 231 170 170 221 220 220 170 170 170 170 170 170 170 73 72 141 141 91 85 
MB 152 ->Up_aval Left_aval All_aval 170 170 170 170 217 217 217 218 218 218 218 218 218 217 217 217 217 170 228 228 170 170 170 170 170 96 96 94 92 90 88 88 85 
MB 153 ->Up_aval Left_aval All_aval 217 232 231 231 231 232 224 224 224 223 223 223 223 223 223 103 103 232 215 215 170 170 170 170 170 118 118 103 103 97 93 93 91 
MB 154 ->Up_aval Left_aval All_aval 103 102 101 225 138 138 138 138 233 233 233 232 228 228 228 232 232 106 106 107 106 170 170 130 137 129 130 123 124 119 119 117 115 
MB 155 ->Up_aval Left_aval All_aval 232 232 232 232 232 233 170 170 170 147 144 143 141 139 138 137 133 232 225 100 100 101 101 112 140 140 138 137 137 137 137 137 137 
MB 156 ->Up_aval Left_aval All_aval 133 132 130 129 128 126 126 151 120 170 170 170 234 138 138 53 53 133 135 135 170 83 83 83 142 142 141 140 141 140 140 140 138 
MB 157 ->Up_aval Left_aval All_aval 53 53 53 232 232 232 232 232 232 129 129 129 129 232 232 215 215 53 53 53 53 53 53 53 53 53 53 53 52 52 53 53 53 
MB 158 ->Up_aval Left_aval All_aval 215 215 231 231 231 230 217 93 93 93 230 230 229 229 230 234 226 215 215 215 215 210 210 112 130 130 131 131 135 144 143 141 138 
MB 159 ->Up_aval Left_aval All_aval 226 226 226 226 226 170 170 170 170 197 198 195 170 170 170 170 170 226 231 231 231 109 109 89 97 95 105 105 129 143 143 140 137 
MB 160 ->Up_aval Left_aval All_aval 170 170 214 214 170 170 170 170 170 170 170 170 170 170 228 228 228 170 231 231 229 197 197 190 181 144 95 95 130 145 144 111 90 
MB 161 ->Up_aval Left_aval All_aval 228 170 170 170 170 170 170 170 170 170 170 170 170 170 170 170 170 170 228 228 228 228 227 227 170 170 100 100 142 138 137 124 97 
MB 162 ->Up_aval Left_aval All_aval 170 170 170 170 170 170 170 170 170 170 170 170 170 170 170 170 170 170 170 170 170 170 170 170 109 109 138 138 143 141 141 139 137 
MB 163 ->Up_aval Left_aval All_aval 170 170 170 170 170 170 170 170 170 170 170 170 170 170 170 170 170 170 170 170 170 170 221 129 87 84 105 104 133 144 144 140 137 
MB 164 ->Up_aval Left_aval All_aval 170 170 170 170 170 170 170 170 170 170 170 170 170 170 170 170 170 170 170 170 170 170 170 170 170 170 105 105 135 144 144 140 137 
MB 165 ->Up_aval Left_aval All_aval 170 170 170 170 170 170 170 170 170 170 170 170 170 170 170 170 170 170 170 170 170 170 170 170 170 142 105 104 134 144 144 141 137 
MB 166 ->Up_aval Left_aval All_aval 170 170 170 170 170 170 170 170 170 170 170 170 170 170 170 170 170 170 170 170 170 170 170 170 170 135 102 102 132 144 144 142 137 
MB 167 ->Up_aval Left_aval All_aval 170 170 170 170 170 229 229 229 226 225 223 220 219 217 217 214 214 170 170 170 170 170 170 170 170 93 109 109 136 143 143 139 136 
MB 168 ->Up_aval Left_aval All_aval 214 214 214 193 190 165 151 122 118 98 88 83 87 89 94 95 97 214 214 214 214 214 213 183 96 96 126 126 140 142 142 139 132 
MB 169 ->Up_aval Left_aval All_aval 97 101 105 108 110 111 114 114 127 135 135 135 132 133 135 137 138 97 95 98 96 95 95 95 104 104 136 136 144 141 142 138 127 
MB 170 ->Up_aval Left_aval All_aval 138 140 140 141 144 144 144 144 143 143 143 142 142 141 141 140 140 139 138 139 140 138 139 138 138 137 140 140 143 139 139 134 110 
MB 171 ->Up_aval Left_aval All_aval 140 140 140 139 139 139 138 137 137 137 137 137 135 134 132 129 126 140 140 140 140 141 141 141 141 141 141 141 141 138 138 124 101 
MB 172 ->Up_aval Left_aval All_aval 126 126 121 117 113 109 109 108 108 105 102 101 98 95 92 92 52 130 129 130 130 132 133 131 131 131 133 134 134 134 132 116 94 
MB 173 ->Up_aval Left_aval All_aval 52 53 53 53 79 78 77 75 73 73 74 71 68 65 59 57 55 92 53 53 53 53 53 53 53 53 53 53 53 95 95 95 90 
MB 174 ->Up_aval Left_aval All_aval 55 53 51 48 47 45 43 42 41 41 41 42 42 42 43 43 43 55 55 53 57 54 57 55 55 56 54 58 55 55 54 56 55 
MB 175 ->Up_aval Left_aval All_aval 43 43 43 44 44 44 45 45 46 46 47 47 47 47 47 48 48 43 43 43 43 43 43 43 43 43 43 43 43 43 43 43 43 
MB 176 ->Up_aval Left_aval All_aval 48 48 49 49 49 50 50 50 50 51 51 51 51 52 52 52 52 48 48 48 48 48 48 48 48 48 48 48 48 48 48 48 48 
MB 177 ->Up_aval Left_aval All_aval 52 53 53 53 54 54 54 54 54 55 55 55 55 56 57 57 57 53 52 52 52 52 53 52 53 52 52 53 53 53 52 52 52 
MB 178 ->Up_aval Left_aval All_aval 57 57 57 58 58 58 58 58 58 58 58 58 59 59 59 59 60 57 57 57 57 57 57 57 57 57 57 57 57 57 57 57 57 
MB 179 ->Up_aval Left_aval All_aval 60 60 60 60 60 61 61 61 61 61 59 59 59 59 59 59 62 59 60 59 59 59 59 60 59 59 59 60 59 59 59 59 60 
MB 180 ->Up_aval Left_aval All_aval 62 62 63 63 63 63 63 63 63 64 64 64 64 64 64 65 65 62 58 58 58 57 57 58 57 57 57 57 57 57 57 170 58 
MB 181 ->Up_aval Left_aval All_aval 65 65 65 65 65 65 65 66 66 66 66 66 66 66 66 66 66 65 65 64 64 64 65 65 65 65 64 65 65 65 65 64 65 
MB 182 ->Up_aval Left_aval All_aval 66 66 66 66 65 65 65 64 64 64 64 64 64 64 63 63 63 66 66 66 66 66 66 66 66 66 66 66 66 66 66 66 66 
MB 183 ->Up_aval Left_aval All_aval 63 63 62 62 62 62 62 61 61 61 61 61 61 61 60 60 60 63 63 63 63 63 63 63 63 63 63 63 63 63 63 63 63 
MB 184 ->Up_aval Left_aval All_aval 60 60 60 60 59 59 59 59 59 59 58 58 58 57 57 57 57 60 60 60 60 60 60 60 60 60 60 60 60 60 60 60 60 
MB 185 ->Up_aval Left_aval All_aval 57 57 57 56 56 56 56 56 56 56 56 56 56 56 56 56 56 57 57 57 57 57 57 57 57 57 57 57 57 57 57 57 57 
MB 186 ->Up_aval Left_aval All_aval 56 56 55 55 55 55 55 55 55 55 54 54 54 54 54 54 54 56 56 56 56 56 56 56 56 56 56 56 56 56 56 56 56 
MB 187 ->Up_aval Left_aval All_aval 54 54 54 54 53 53 53 53 53 53 53 53 53 53 53 53 52 170 54 54 54 54 54 54 54 54 54 54 54 54 54 54 54 
MB 188 ->Up_aval Left_aval All_aval 52 52 52 52 52 52 52 52 52 52 52 52 52 52 52 51 51 53 53 53 53 53 52 53 53 53 53 53 53 53 53 53 53 
MB 189 ->Up_aval Left_aval All_aval 51 51 51 51 51 51 51 51 51 51 51 50 51 50 50 50 50 52 52 52 52 51 51 52 51 51 51 51 51 51 52 51 51 
MB 190 ->Up_aval Left_aval All_aval 50 50 50 50 50 50 50 50 50 50 50 50 50 50 50 50 50 51 51 50 50 50 51 51 50 51 50 50 50 50 51 50 50 
MB 191 ->Up_aval Left_aval All_aval 50 50 50 50 50 50 50 50 50 50 50 50 50 50 50 50 50 50 50 50 50 50 50 50 50 50 50 50 50 50 50 50 50 
MB 192 ->Up_aval Left_aval All_aval 50 50 50 50 50 50 50 50 49 49 50 49 50 50 50 50 49 50 50 50 50 50 50 50 50 50 50 50 50 50 50 50 50 
MB 193 ->Up_aval Left_aval All_aval 49 50 50 50 50 50 50 50 50 50 50 50 50 50 50 50 50 50 50 50 50 50 50 50 50 50 50 49 49 50 50 50 50 
MB 194 ->Up_aval Left_aval All_aval 50 50 50 50 50 50 50 50 50 50 50 50 50 50 50 50 50 50 50 50 50 50 50 50 50 50 50 50 50 50 50 50 50 
MB 195 ->Up_aval Left_aval All_aval 50 50 50 50 50 50 50 50 50 50 50 50 50 50 50 50 50 50 50 50 50 50 50 50 50 50 50 50 50 50 50 50 50 
MB 196 ->Up_aval Left_aval All_aval 50 50 50 50 51 51 51 51 51 51 51 51 51 51 51 51 51 50 50 50 50 50 50 50 50 50 50 50 50 50 50 50 50 
MB 197 ->Up_aval Left_aval All_aval 51 51 52 52 52 52 52 52 52 52 52 52 52 52 52 53 53 52 52 52 52 52 52 52 52 52 51 51 51 51 52 52 52 
MB 198 ->Up_aval Left_aval All_aval 53 53 53 53 53 53 53 53 53 53 53 53 54 54 54 54 54 53 53 53 53 53 53 53 53 53 53 53 53 53 53 53 53 
MB 199 ->Up_aval Left_aval All_aval 54 54 54 54 54 55 55 55 55 55 55 55 55 56 56 56 56 170 54 54 54 54 54 55 54 54 54 54 54 54 54 54 54 
MB 200 ->Up_aval Left_aval All_aval 56 56 56 56 56 56 56 57 57 57 57 57 57 58 58 58 58 56 56 56 56 56 56 56 56 56 56 56 56 56 56 56 56 
MB 201 ->Up_aval Left_aval All_aval 58 58 58 58 59 59 59 59 59 59 60 60 60 60 60 60 60 58 58 58 58 58 58 58 58 58 58 58 58 58 58 58 58 
MB 202 ->Up_aval Left_aval All_aval 60 61 61 61 61 61 61 62 62 62 62 63 63 63 63 63 63 60 61 61 61 61 61 61 61 61 60 60 60 60 61 61 60 
MB 203 ->Up_aval Left_aval All_aval 63 63 64 64 64 64 64 65 65 65 65 66 66 66 66 66 66 63 64 64 64 63 63 64 64 64 63 63 63 63 64 64 64 
MB 204 ->Up_aval Left_aval All_aval 66 66 66 66 66 66 65 65 65 65 65 65 65 65 65 65 65 66 66 66 66 66 66 66 66 66 66 66 66 66 66 66 66 
MB 205 ->Up_aval Left_aval All_aval 65 64 64 64 64 64 64 63 63 63 63 63 62 62 62 62 62 65 65 65 65 65 65 65 65 65 65 65 65 65 65 64 65 
MB 206 ->Up_aval Left_aval All_aval 62 62 62 61 61 61 61 61 61 60 60 60 60 60 59 59 59 62 62 62 62 62 62 62 62 62 62 62 62 62 62 62 62 
MB 207 ->Up_aval Left_aval All_aval 59 59 58 58 58 58 58 58 57 57 57 56 56 56 56 56 56 59 59 59 59 59 59 59 59 59 59 59 59 59 59 59 59 
MB 208 ->Up_aval Left_aval All_aval 56 55 55 55 55 55 54 54 54 53 53 53 53 52 52 52 52 55 56 55 56 55 56 55 55 55 56 56 56 56 56 55 55 
MB 209 ->Up_aval Left_aval All_aval 52 51 51 51 50 50 50 50 49 49 49 48 48 48 48 47 47 52 52 52 52 51 52 52 52 51 52 52 52 52 52 51 51 
MB 210 ->Up_aval Left_aval All_aval 47 46 46 46 45 45 45 44 44 43 43 43 42 42 42 42 41 47 47 47 47 47 48 47 48 47 48 47 47 48 47 48 47 
MB 211 ->Up_aval Left_aval All_aval 41 41 41 41 44 47 49 50 52 53 53 53 53 55 61 61 61 41 41 41 41 41 41 41 41 41 41 41 41 41 41 41 42 
MB 212 ->Up_aval Left_aval All_aval 61 61 61 64 66 74 74 74 77 85 88 77 76 76 76 77 97 61 68 67 68 68 69 67 69 67 69 68 66 69 66 68 69 
MB 213 ->Up_aval Left_aval All_aval 97 99 101 103 105 107 107 109 115 57 57 57 128 128 132 134 137 100 100 100 102 102 104 100 103 102 102 102 102 101 101 103 104 
MB 214 ->Up_aval Left_aval All_aval 137 137 137 137 138 139 139 139 140 141 140 141 141 141 142 142 143 137 137 137 137 138 138 137 138 137 138 137 137 138 137 137 137 
MB 215 ->Up_aval Left_aval All_aval 143 143 143 144 144 144 144 143 142 141 140 138 137 136 135 133 131 142 142 142 142 142 142 143 142 142 143 143 143 142 142 142 139 
MB 216 ->Up_aval Left_aval All_aval 131 130 129 126 125 112 110 108 103 101 99 96 94 91 85 83 88 133 132 133 131 133 132 132 133 132 132 132 133 136 136 140 144 
MB 217 ->Up_aval Left_aval All_aval 88 100 111 122 147 161 176 190 203 211 213 214 214 215 216 217 218 83 84 84 88 83 86 83 85 82 84 84 100 134 132 142 142 
MB 218 ->Up_aval Left_aval All_aval 218 220 222 225 228 230 230 233 170 170 170 170 170 106 106 170 170 219 218 218 219 218 219 218 220 220 98 114 86 86 134 143 143 
MB 219 ->Up_aval Left_aval All_aval 170 170 170 170 170 170 170 170 170 170 170 170 170 170 170 170 170 170 170 170 170 170 170 170 170 170 114 114 90 88 102 134 133 
MB 220 ->Up_aval Left_aval All_aval 170 170 170 170 170 170 170 170 170 170 170 170 170 170 170 170 170 170 170 170 170 170 170 170 170 170 170 219 147 147 99 135 135 
MB 221 ->Up_aval Left_aval All_aval 170 170 170 170 170 170 170 170 170 170 134 132 132 134 170 170 170 170 170 170 170 170 170 170 170 170 170 170 170 170 96 133 133 
MB 222 ->Up_aval Left_aval All_aval 170 170 170 170 170 170 170 170 170 170 170 170 170 170 170 170 170 170 170 170 170 170 170 170 170 170 170 170 170 170 95 128 128 
MB 223 ->Up_aval Left_aval All_aval 170 170 170 170 170 170 170 170 170 170 170 170 170 170 170 170 170 170 170 170 170 170 170 170 170 170 170 170 133 133 99 132 131 
MB 224 ->Up_aval Left_aval All_aval 170 170 170 170 170 170 170 170 170 170 170 170 170 170 170 170 232 170 170 170 170 170 170 232 232 170 170 170 170 170 105 134 134 
MB 225 ->Up_aval Left_aval All_aval 232 232 232 231 231 170 170 232 232 232 232 232 232 232 232 232 232 232 233 233 170 170 170 170 170 170 170 209 184 184 97 133 133 
MB 226 ->Up_aval 128 130 130 130 130 129 129 128 128 128 128 128 128 127 127 127 127 128 128 128 128 128 128 128 128 128 128 128 128 128 128 128 128 
MB 227 ->Up_aval Left_aval All_aval 127 127 126 126 126 127 127 128 128 128 129 107 108 112 112 125 126 107 109 138 143 143 139 90 69 69 73 74 53 43 43 47 55 
MB 228 ->Up_aval Left_aval All_aval 126 128 128 129 130 131 132 133 134 134 136 136 137 137 138 138 138 128 128 136 144 144 139 133 133 104 74 74 51 43 43 48 51 
MB 229 ->Up_aval Left_aval All_aval 138 139 141 141 141 142 143 143 144 144 144 144 144 144 144 144 144 141 141 141 144 144 140 135 135 105 76 77 54 43 43 48 52 
MB 230 ->Up_aval Left_aval All_aval 144 144 144 144 144 144 144 144 144 144 144 134 134 134 135 135 136 143 143 144 144 144 140 136 136 107 78 79 56 42 42 48 51 
MB 231 ->Up_aval Left_aval All_aval 136 136 136 137 137 137 137 137 138 137 137 138 138 138 138 140 140 136 136 143 144 144 140 137 137 116 82 82 59 42 42 47 51 
MB 232 ->Up_aval Left_aval All_aval 140 140 170 138 141 141 139 143 143 143 143 170 143 143 142 143 143 140 140 140 144 144 140 137 137 119 86 86 61 41 41 46 50 
MB 233 ->Up_aval Left_aval All_aval 143 142 143 143 143 143 170 170 170 170 170 170 170 170 170 170 95 142 143 143 143 143 140 99 137 98 89 89 63 43 43 46 50 
MB 234 ->Up_aval Left_aval All_aval 95 95 96 96 96 144 144 141 142 142 142 102 143 143 142 141 142 95 100 86 86 77 79 77 75 76 69 70 59 42 42 46 50 
MB 235 ->Up_aval Left_aval All_aval 142 142 170 170 170 170 170 170 170 170 170 170 170 170 137 137 137 142 70 67 67 63 59 59 57 58 58 57 47 44 44 45 45 
MB 236 ->Up_aval Left_aval All_aval 137 137 137 104 60 56 56 57 138 130 131 131 131 170 170 170 170 137 137 137 72 55 44 46 42 42 41 41 41 45 45 48 49 
MB 237 ->Up_aval Left_aval All_aval 170 131 131 48 47 53 46 46 47 170 170 170 170 170 126 126 126 131 44 42 42 43 44 44 44 44 44 45 45 45 45 49 52 
MB 238 ->Up_aval Left_aval All_aval 126 137 137 137 137 137 107 107 108 106 170 105 105 104 103 103 102 108 42 43 45 45 46 46 46 47 47 47 47 48 47 50 52 
MB 239 ->Up_aval Left_aval All_aval 102 101 87 87 87 88 87 87 87 87 87 86 85 85 84 84 83 107 107 44 47 46 48 48 49 49 49 50 50 50 50 50 53 
MB 240 ->Up_aval Left_aval All_aval 83 82 85 87 86 82 110 108 107 106 106 105 104 104 104 104 103 113 113 139 144 144 50 50 51 52 52 52 52 52 52 52 54 
MB 241 ->Up_aval Left_aval All_aval 103 103 104 105 107 108 110 111 113 114 116 119 121 122 124 125 129 103 102 102 102 102 102 88 49 53 53 54 54 53 53 54 54 
MB 242 ->Up_aval Left_aval All_aval 129 131 100 99 98 97 96 95 95 94 94 94 94 94 94 94 94 129 97 95 96 96 96 79 50 55 54 55 55 55 55 55 55 
MB 243 ->Up_aval Left_aval All_aval 94 95 96 98 101 103 107 110 110 112 117 120 123 125 141 76 77 94 90 90 90 88 51 51 53 56 56 57 57 56 56 56 57 
MB 244 ->Up_aval Left_aval All_aval 77 54 55 55 55 55 55 55 54 54 72 71 71 71 72 71 72 54 75 54 75 54 55 56 55 57 57 58 58 58 58 58 58 
MB 245 ->Up_aval Left_aval All_aval 72 72 71 69 71 170 170 170 170 142 142 122 122 140 137 73 71 72 71 71 71 54 56 57 57 58 58 58 58 58 59 59 58 
MB 246 ->Up_aval Left_aval All_aval 71 71 71 70 69 69 61 61 61 61 69 69 69 69 70 70 71 71 72 70 58 58 56 58 58 59 59 59 59 59 59 59 59 
MB 247 ->Up_aval Left_aval All_aval 71 72 144 144 132 132 143 142 170 170 170 170 97 94 67 68 67 71 72 69 56 56 57 58 58 59 60 60 60 60 60 60 59 
MB 248 ->Up_aval Left_aval All_aval 67 67 67 67 67 67 67 67 67 66 66 66 66 92 92 93 99 67 67 67 56 56 57 59 59 60 60 60 60 59 60 60 60 
MB 249 ->Up_aval Left_aval All_aval 99 144 144 144 144 45 46 46 46 170 46 46 46 46 46 46 47 137 56 56 57 58 58 59 59 60 60 60 60 60 61 61 60 
MB 250 ->Up_aval Left_aval All_aval 47 47 43 44 57 57 56 56 170 170 170 170 170 170 170 134 134 58 58 55 58 59 58 59 59 60 60 60 60 60 60 60 60 
MB 251 ->Up_aval Left_aval All_aval 134 135 136 134 134 135 144 144 145 144 144 145 145 145 144 144 144 139 60 57 58 59 59 59 59 60 60 60 60 60 60 59 60 
MB 252 ->Up_aval Left_aval All_aval 144 170 73 70 69 68 68 67 67 67 67 67 67 68 67 68 68 170 55 55 56 58 57 59 58 59 59 60 60 59 60 60 60 
MB 253 ->Up_aval Left_aval All_aval 68 68 69 71 71 71 134 134 134 134 142 142 113 113 170 170 170 68 67 67 67 70 70 105 41 41 54 57 57 59 59 59 59 
MB 254 ->Up_aval Left_aval All_aval 170 170 170 170 170 170 71 71 71 71 70 70 70 70 55 55 55 170 170 100 53 52 54 56 56 57 57 58 58 58 59 59 59 
MB 255 ->Up_aval Left_aval All_aval 55 71 71 74 72 75 75 76 137 137 135 117 114 114 170 170 52 55 55 69 70 54 57 58 58 58 58 58 58 58 59 59 59 
MB 256 ->Up_aval Left_aval All_aval 52 52 52 52 53 53 86 51 51 51 51 86 83 50 50 51 84 52 54 54 56 54 57 57 57 58 58 57 57 57 57 57 59 
MB 257 ->Up_aval Left_aval All_aval 84 84 49 86 49 85 87 88 88 170 170 170 170 106 41 42 42 52 54 54 55 55 55 56 56 56 56 56 56 55 57 57 59 
MB 258 ->Up_aval Left_aval All_aval 42 42 42 97 98 98 98 99 99 99 100 101 102 102 46 46 47 53 53 52 54 54 54 54 54 54 54 54 55 54 56 56 58 
MB 259 ->Up_aval Left_aval All_aval 47 47 47 48 48 48 48 48 48 49 47 47 46 45 46 47 43 50 50 51 52 52 52 53 53 53 53 53 53 54 56 56 58 
MB 260 ->Up_aval Left_aval All_aval 43 45 44 44 123 124 124 43 43 45 44 45 44 46 27 26 26 49 48 49 50 49 50 51 50 51 51 51 51 53 56 56 57 
MB 261 ->Up_aval Left_aval All_aval 26 26 26 25 25 25 25 24 25 44 44 44 24 24 23 25 23 26 26 26 26 25 26 25 24 26 26 26 26 26 26 26 26 
MB 262 ->Up_aval Left_aval All_aval 23 23 23 22 22 22 22 21 21 21 21 21 21 21 42 42 43 22 23 23 22 23 22 22 23 23 23 23 23 22 24 22 23 
MB 263 ->Up_aval Left_aval All_aval 43 44 43 44 45 46 48 48 53 53 55 55 56 56 57 57 85 42 42 42 42 42 42 42 21 21 47 20 21 20 20 170 58 
MB 264 ->Up_aval Left_aval All_aval 85 87 84 85 90 86 85 83 82 82 82 82 83 83 84 84 85 57 54 54 51 51 45 46 43 44 46 48 48 52 56 56 59 
MB 265 ->Up_aval Left_aval All_aval 85 85 81 82 80 80 79 80 82 82 82 83 85 86 88 89 91 84 77 73 75 65 48 48 42 42 45 50 49 53 57 57 59 
MB 266 ->Up_aval Left_aval All_aval 91 93 95 94 96 98 99 101 102 105 105 109 108 108 110 112 115 91 88 85 86 68 54 56 42 42 46 50 50 54 58 58 60 
MB 267 ->Up_aval Left_aval All_aval 115 117 117 118 120 121 123 124 126 130 132 134 136 136 136 137 137 117 112 93 94 77 77 58 42 42 47 51 51 55 58 58 60 
MB 268 ->Up_aval Left_aval All_aval 137 137 137 137 137 137 137 137 137 138 138 138 137 137 138 138 138 137 116 117 104 76 76 53 43 43 48 52 52 56 66 61 61 
MB 269 ->Up_aval Left_aval All_aval 138 138 138 138 138 138 138 138 138 138 138 138 138 138 53 53 53 138 122 122 99 71 48 48 44 62 64 62 65 64 65 62 62 
MB 270 ->Up_aval Left_aval All_aval 53 53 53 53 138 138 138 138 138 138 138 138 138 138 138 138 138 53 53 53 53 53 53 53 53 53 53 53 53 53 53 54 53 
MB 271 ->Up_aval Left_aval All_aval 138 137 137 137 137 137 137 137 137 137 137 137 137 137 137 137 137 137 110 86 86 47 52 55 55 58 62 62 64 64 66 65 65 
MB 272 ->Up_aval Left_aval All_aval 137 137 78 76 76 81 83 86 88 89 89 92 92 93 93 91 90 137 58 42 48 48 50 54 54 58 57 60 62 62 63 63 64 
MB 273 ->Up_aval Left_aval All_aval 90 92 93 95 94 94 93 93 93 96 96 96 97 96 97 97 97 90 62 42 42 46 48 48 50 52 52 53 53 56 59 59 61 
MB 274 ->Up_aval Left_aval All_aval 97 97 100 101 103 105 107 112 116 118 128 134 137 137 137 137 137 97 76 66 69 61 42 42 45 49 48 52 52 56 59 59 61 
MB 275 ->Up_aval Left_aval All_aval 137 137 137 137 137 137 137 137 137 137 137 137 137 137 137 137 137 137 110 88 88 63 43 43 45 49 49 52 52 56 59 58 61 
MB 276 ->Up_aval Left_aval All_aval 137 137 137 137 137 137 137 137 137 137 137 137 137 137 137 137 137 137 109 86 86 62 42 42 45 49 49 53 52 56 59 59 61 
MB 277 ->Up_aval Left_aval All_aval 137 137 137 137 137 137 137 137 137 137 137 137 137 137 137 137 137 137 108 89 89 66 45 47 44 49 49 52 52 55 58 58 61 
MB 278 ->Up_aval Left_aval All_aval 137 137 137 137 137 137 137 137 137 137 137 137 137 137 137 137 137 137 108 88 88 65 45 45 44 44 48 52 52 55 58 58 61 
MB 279 ->Up_aval Left_aval All_aval 137 137 137 137 137 137 137 137 137 137 136 137 137 137 137 136 136 137 107 84 84 62 42 43 45 49 49 52 52 55 59 59 61 
MB 280 ->Up_aval Left_aval All_aval 136 136 136 136 136 136 136 136 136 136 135 135 135 134 134 133 132 136 101 81 81 58 41 41 46 49 49 53 53 56 59 59 61 
MB 281 ->Up_aval Left_aval All_aval 132 132 131 131 129 129 129 128 128 128 127 127 127 127 127 127 127 133 99 80 80 58 41 41 45 50 50 53 53 56 59 59 61 
MB 282 ->Up_aval Left_aval All_aval 127 127 127 127 127 127 127 127 127 127 121 116 111 111 111 111 110 127 95 80 80 57 41 41 45 50 50 53 53 56 59 59 61 
MB 283 ->Up_aval Left_aval All_aval 110 109 108 107 106 106 105 104 104 103 103 103 103 102 103 103 101 111 83 74 77 56 42 42 46 50 50 53 53 56 59 59 61 
MB 284 ->Up_aval Left_aval All_aval 101 100 100 99 99 98 98 98 97 95 95 95 94 94 94 94 94 100 79 65 65 44 48 48 51 54 54 56 56 58 60 60 62 
MB 285 ->Up_aval Left_aval All_aval 94 94 94 94 94 93 93 93 93 92 92 48 170 52 52 52 90 94 70 52 51 41 45 45 49 55 55 57 60 60 64 65 65 
MB 286 ->Up_aval Left_aval All_aval 90 90 54 54 54 54 54 76 75 74 75 74 70 66 62 58 55 53 53 51 52 52 48 48 50 53 53 56 56 58 62 62 65 
MB 287 ->Up_aval Left_aval All_aval 55 54 52 49 47 46 44 43 42 41 42 42 42 42 42 43 43 55 56 47 47 44 48 48 53 55 55 56 57 59 61 61 63 
MB 288 ->Up_aval Left_aval All_aval 43 43 44 44 44 44 44 45 46 46 46 47 47 47 47 48 48 43 43 43 43 45 49 49 58 58 58 60 60 60 62 62 64 
MB 289 ->Up_aval Left_aval All_aval 48 48 48 49 49 50 50 50 50 50 51 51 52 52 52 52 52 48 48 48 48 48 50 50 53 56 56 59 63 62 63 64 64 
MB 290 ->Up_aval Left_aval All_aval 52 53 53 53 54 54 54 54 54 55 55 55 55 56 56 57 57 52 52 52 53 52 52 53 53 56 56 59 61 61 63 66 66 
MB 291 ->Up_aval Left_aval All_aval 57 57 57 57 58 58 58 58 58 58 58 59 59 59 59 59 60 57 57 57 57 57 57 57 57 57 57 59 61 61 64 66 66 
MB 292 ->Up_aval Left_aval All_aval 60 60 60 60 60 61 61 61 62 59 59 59 59 59 59 59 58 59 59 59 59 63 59 63 63 63 64 60 64 64 64 64 66 
MB 293 ->Up_aval Left_aval All_aval 58 58 58 58 59 59 63 63 63 63 64 64 64 64 64 65 65 59 59 58 58 59 59 62 58 58 59 58 59 58 59 59 66 
MB 294 ->Up_aval Left_aval All_aval 65 65 65 65 65 65 65 65 66 66 66 66 66 66 66 66 66 65 64 65 65 65 65 65 65 65 65 64 64 64 65 66 66 
MB 295 ->Up_aval Left_aval All_aval 66 66 66 66 66 65 65 65 65 64 64 64 64 64 63 63 63 66 66 66 66 66 66 66 66 66 66 66 66 66 66 66 66 
MB 296 ->Up_aval Left_aval All_aval 63 63 63 63 62 62 62 62 61 61 61 61 61 61 60 60 60 63 64 63 63 63 63 63 63 63 63 63 64 64 63 63 64 
MB 297 ->Up_aval Left_aval All_aval 60 60 60 60 59 59 59 59 59 59 58 58 58 57 57 57 57 60 61 60 60 60 60 60 60 60 60 60 61 60 60 61 61 
MB 298 ->Up_aval Left_aval All_aval 57 57 57 56 56 56 56 56 56 56 56 56 56 56 56 56 56 58 58 57 57 57 57 57 57 57 57 57 58 57 57 58 57 
MB 299 ->Up_aval Left_aval All_aval 56 56 55 55 55 55 55 55 55 54 54 54 54 54 54 54 54 56 56 56 56 56 56 56 56 56 56 56 56 56 56 56 56 
MB 300 ->Up_aval Left_aval All_aval 54 54 54 53 53 53 53 53 53 53 53 53 53 53 53 53 53 55 54 54 54 54 54 54 54 54 54 55 55 54 54 55 54 
MB 301 ->Up_aval Left_aval All_aval 53 53 52 52 52 52 52 52 52 52 52 52 52 52 52 51 51 53 53 53 53 53 53 53 53 52 53 53 53 53 53 53 53 
MB 302 ->Up_aval Left_aval All_aval 51 51 51 51 51 51 51 51 51 51 51 51 51 50 50 50 50 52 52 52 52 52 52 51 51 51 51 52 52 52 52 52 52 
MB 303 ->Up_aval Left_aval All_aval 50 50 50 50 50 50 50 50 50 50 50 50 50 50 50 50 50 51 51 51 51 51 50 50 51 50 50 51 51 51 51 51 51 
MB 304 ->Up_aval Left_aval All_aval 50 50 50 50 50 50 50 50 50 50 50 50 50 50 50 50 50 50 50 50 50 50 50 50 50 50 50 50 50 50 50 50 50 
MB 305 ->Up_aval Left_aval All_aval 50 50 50 50 50 50 50 50 50 50 50 50 50 50 50 50 50 50 50 50 50 50 50 50 50 50 50 50 50 50 50 50 50 
MB 306 ->Up_aval Left_aval All_aval 50 50 50 50 50 50 50 50 50 50 50 50 50 50 50 50 50 50 50 50 50 50 49 49 50 50 50 50 50 50 50 50 50 
MB 307 ->Up_aval Left_aval All_aval 50 50 50 50 50 50 50 50 50 50 50 50 50 50 50 50 50 50 50 50 50 50 50 50 50 50 50 50 50 50 50 50 50 
MB 308 ->Up_aval Left_aval All_aval 50 50 50 50 50 50 50 50 50 50 50 50 50 50 50 50 50 50 50 50 50 50 50 50 50 50 50 50 50 50 50 51 50 
MB 309 ->Up_aval Left_aval All_aval 50 50 50 50 51 51 51 51 51 51 51 51 51 51 51 52 52 50 50 50 50 50 50 50 50 50 50 50 50 50 50 51 50 
MB 310 ->Up_aval Left_aval All_aval 52 52 52 52 52 52 52 52 52 52 52 52 52 53 53 53 53 52 52 52 52 52 52 52 52 52 52 52 52 52 52 52 52 
MB 311 ->Up_aval Left_aval All_aval 53 53 53 53 53 53 53 53 53 53 54 54 54 54 54 54 54 53 53 53 53 53 53 53 53 53 53 53 53 53 53 53 53 
MB 312 ->Up_aval Left_aval All_aval 54 54 55 55 55 55 55 55 55 55 55 55 56 56 56 56 56 55 55 54 54 55 54 54 54 54 54 55 55 55 55 55 54 
MB 313 ->Up_aval Left_aval All_aval 56 56 56 56 56 57 57 57 57 57 57 58 58 58 58 58 58 57 56 56 56 56 56 56 56 56 56 56 56 56 56 57 56 
MB 314 ->Up_aval Left_aval All_aval 58 58 58 59 59 59 59 59 59 59 60 60 60 60 60 60 60 59 59 58 58 58 58 58 58 58 58 58 59 58 58 59 58 
MB 315 ->Up_aval Left_aval All_aval 60 61 61 61 61 61 61 62 62 62 63 63 63 63 63 63 64 60 61 61 61 61 60 61 61 61 61 61 61 61 61 61 61 
MB 316 ->Up_aval Left_aval All_aval 64 64 64 64 64 64 65 65 65 66 66 66 66 66 66 66 66 63 64 64 64 64 63 64 64 64 64 64 64 64 64 64 64 
MB 317 ->Up_aval Left_aval All_aval 66 66 66 66 66 66 65 65 65 65 65 65 65 65 65 65 65 66 66 66 66 66 66 66 66 66 66 66 66 66 66 66 66 
MB 318 ->Up_aval Left_aval All_aval 65 65 64 64 64 63 63 63 63 63 63 63 62 62 62 62 62 65 64 65 65 65 64 65 65 65 65 64 64 64 64 65 65 
MB 319 ->Up_aval Left_aval All_aval 62 62 61 61 61 61 61 61 60 60 60 60 60 59 59 59 59 62 61 62 62 62 62 62 62 62 62 62 61 61 63 63 64 
MB 320 ->Up_aval Left_aval All_aval 59 59 58 58 58 58 58 57 57 57 57 56 57 56 56 56 55 59 59 59 59 59 59 59 59 59 59 59 59 59 62 62 63 
MB 321 ->Up_aval Left_aval All_aval 55 55 55 55 54 55 54 54 54 53 53 53 52 52 52 52 51 56 56 55 55 55 55 55 55 56 55 56 56 59 61 61 63 
MB 322 ->Up_aval Left_aval All_aval 51 51 51 50 50 50 50 49 49 49 49 48 48 48 48 48 47 52 52 51 52 51 51 52 52 52 52 55 55 58 61 61 62 
MB 323 ->Up_aval Left_aval All_aval 47 47 46 46 45 45 44 44 44 44 43 42 42 42 42 41 42 48 47 47 47 47 47 47 47 51 51 54 54 57 60 60 62 
MB 324 ->Up_aval Left_aval All_aval 42 44 45 46 47 49 51 53 54 56 58 60 62 63 65 68 69 41 41 42 42 42 42 42 46 50 50 54 53 57 58 58 60 
MB 325 ->Up_aval Left_aval All_aval 69 71 73 76 78 80 82 83 87 89 91 82 78 78 78 100 104 68 69 67 71 59 41 41 45 51 51 52 52 55 66 62 62 
MB 326 ->Up_aval Left_aval All_aval 104 106 108 111 112 114 117 120 122 56 57 57 57 57 137 137 137 100 102 89 89 68 47 47 44 44 47 61 62 62 64 65 65 
MB 327 ->Up_aval Left_aval All_aval 137 137 138 138 138 138 138 138 138 138 138 139 139 139 139 139 139 137 118 118 96 72 54 54 53 55 54 59 61 61 62 62 63 
MB 328 ->Up_aval Left_aval All_aval 139 139 139 139 139 139 139 137 137 137 137 143 143 143 143 143 144 139 123 123 104 82 82 44 49 52 52 56 56 57 60 60 61 
MB 329 ->Up_aval Left_aval All_aval 144 143 144 144 144 141 141 141 143 143 144 144 144 143 143 143 142 140 137 137 59 52 42 41 46 51 50 52 52 55 58 57 59 
MB 330 ->Up_aval Left_aval All_aval 142 142 141 141 138 138 138 139 139 139 139 143 139 140 143 143 143 137 101 92 92 68 53 53 49 49 43 47 47 50 50 53 55 
MB 331 ->Up_aval Left_aval All_aval 143 144 144 144 145 144 144 142 140 139 134 133 132 131 143 137 133 140 138 138 132 105 105 80 59 60 42 46 46 50 50 54 56 
MB 332 ->Up_aval Left_aval All_aval 133 132 131 130 130 130 130 130 130 131 139 135 132 131 131 134 135 143 138 138 133 104 104 80 58 59 42 46 46 50 50 54 56 
MB 333 ->Up_aval Left_aval All_aval 135 135 134 132 132 132 170 130 130 129 129 128 129 130 129 130 133 143 138 138 133 103 102 77 57 57 42 47 46 50 50 54 56 
MB 334 ->Up_aval Left_aval All_aval 133 132 131 131 134 134 134 134 134 134 135 131 131 128 128 128 128 143 139 139 135 103 103 78 58 58 42 46 46 50 50 54 56 
MB 335 ->Up_aval Left_aval All_aval 128 128 129 129 129 129 130 130 130 130 130 130 130 130 131 131 131 140 141 141 136 101 102 76 55 55 43 48 47 50 50 53 56 
MB 336 ->Up_aval Left_aval All_aval 131 132 131 132 132 132 132 132 132 133 133 133 133 133 133 133 134 142 141 141 138 120 120 93 71 71 48 44 44 49 49 53 56 
MB 337 ->Up_aval Left_aval All_aval 134 134 134 134 134 134 134 135 135 134 134 134 134 133 133 133 133 144 141 141 138 119 119 93 71 71 79 79 45 49 49 53 56 
MB 338 ->Up_aval Left_aval All_aval 133 133 132 132 131 131 131 131 131 131 131 131 131 131 131 131 131 125 125 142 138 118 118 92 69 69 76 76 54 49 49 53 56 
MB 339 ->Up_aval 128 56 56 56 56 56 56 56 56 55 55 55 56 56 56 56 55 128 128 128 128 128 128 128 128 128 128 128 128 128 128 128 128 
MB 340 ->Up_aval Left_aval All_aval 55 55 51 51 51 51 51 51 51 51 51 51 51 51 51 51 51 55 58 57 57 60 60 62 65 65 170 62 62 56 56 170 48 
MB 341 ->Up_aval Left_aval All_aval 51 51 51 51 51 51 51 51 51 51 51 51 51 51 51 51 52 51 54 57 57 61 61 62 65 65 170 62 62 56 56 170 52 
MB 342 ->Up_aval Left_aval All_aval 52 52 52 52 52 52 52 52 52 52 52 52 52 52 52 52 51 51 54 58 58 61 61 62 65 65 170 61 61 56 56 170 52 
MB 343 ->Up_aval Left_aval All_aval 51 51 51 51 51 51 51 51 51 51 51 51 51 51 51 51 51 51 55 58 58 61 61 63 65 65 170 61 61 56 56 170 51 
MB 344 ->Up_aval Left_aval All_aval 51 51 51 51 50 50 50 50 50 50 50 50 50 50 50 50 50 51 54 58 58 62 62 63 65 65 170 61 60 55 55 170 51 
MB 345 ->Up_aval Left_aval All_aval 50 50 50 50 50 50 50 50 50 50 50 50 50 50 50 50 50 50 54 58 58 61 61 63 66 66 170 60 60 55 55 170 51 
MB 346 ->Up_aval Left_aval All_aval 50 50 50 50 50 50 50 50 50 50 50 50 50 50 50 50 50 50 54 57 57 61 61 63 65 65 170 59 59 55 55 170 50 
MB 347 ->Up_aval Left_aval All_aval 50 50 50 50 49 45 49 49 49 45 45 45 45 45 45 45 45 50 53 57 57 61 61 63 65 65 170 60 60 54 54 170 50 
MB 348 ->Up_aval Left_aval All_aval 45 49 45 49 49 49 49 49 49 49 49 49 49 49 49 49 49 49 53 57 57 60 60 62 65 65 170 60 60 54 54 170 49 
MB 349 ->Up_aval Left_aval All_aval 49 49 49 50 50 50 50 50 50 50 50 51 51 51 51 51 52 49 53 56 56 60 60 62 65 65 170 60 60 55 55 170 50 
MB 350 ->Up_aval Left_aval All_aval 52 52 52 52 52 52 52 52 52 52 52 52 52 52 52 52 52 51 52 57 57 60 60 62 65 65 170 61 61 55 55 170 50 
MB 351 ->Up_aval Left_aval All_aval 52 52 52 52 52 52 52 52 52 52 52 52 52 52 52 53 53 52 55 56 56 60 60 62 65 65 170 61 61 55 55 170 50 
MB 352 ->Up_aval Left_aval All_aval 53 53 53 53 53 53 53 53 53 53 53 53 53 53 54 54 54 53 55 56 56 60 60 62 65 65 170 61 61 55 55 170 50 
MB 353 ->Up_aval Left_aval All_aval 54 54 54 54 54 54 54 54 54 54 54 54 54 54 54 54 54 54 55 58 58 60 60 62 65 65 170 61 61 55 55 170 50 
MB 354 ->Up_aval Left_aval All_aval 54 54 54 55 55 55 55 55 55 55 55 55 55 55 55 55 55 54 56 59 59 60 60 62 65 65 170 61 61 55 55 170 50 
MB 355 ->Up_aval Left_aval All_aval 55 55 55 55 56 56 56 56 56 56 56 56 56 57 57 56 57 55 57 59 59 62 62 62 65 65 170 61 61 55 55 170 50 
MB 356 ->Up_aval Left_aval All_aval 57 56 56 57 57 57 57 57 57 57 57 57 58 57 57 57 58 57 58 59 59 62 62 63 65 65 170 61 61 55 55 170 50 
MB 357 ->Up_aval Left_aval All_aval 58 58 58 58 58 58 58 58 58 58 59 58 58 59 58 59 58 58 58 60 60 62 64 64 65 65 170 61 61 55 55 170 50 
MB 358 ->Up_aval Left_aval All_aval 58 58 59 59 59 59 59 59 59 59 59 59 59 59 59 59 59 59 59 61 61 63 64 64 65 65 170 61 61 55 55 170 50 
MB 359 ->Up_aval Left_aval All_aval 59 59 59 59 59 59 60 59 59 59 60 59 59 59 60 59 59 59 59 61 61 63 64 64 65 65 170 61 61 55 55 170 50 
MB 360 ->Up_aval Left_aval All_aval 59 60 60 59 59 59 60 60 60 60 60 60 60 60 60 60 60 60 60 61 61 63 65 65 66 66 170 60 60 54 55 170 50 
MB 361 ->Up_aval Left_aval All_aval 60 60 60 60 60 61 60 60 60 60 60 60 60 60 60 60 60 60 60 61 61 64 65 65 66 66 170 60 60 54 54 170 50 
MB 362 ->Up_aval Left_aval All_aval 60 60 60 60 61 60 61 60 60 60 60 60 60 60 61 60 60 61 61 62 62 64 65 65 66 66 170 60 59 54 54 170 49 
MB 363 ->Up_aval Left_aval All_aval 60 60 61 61 61 61 60 60 60 60 61 60 61 60 60 60 60 61 61 62 62 64 66 66 66 66 170 59 59 53 53 170 49 
MB 364 ->Up_aval Left_aval All_aval 60 60 61 61 60 60 60 61 60 60 60 61 60 60 60 60 60 61 61 62 62 64 65 65 66 66 170 58 58 53 53 170 48 
MB 365 ->Up_aval Left_aval All_aval 60 60 60 61 60 60 60 60 60 59 59 59 59 59 59 59 59 61 61 62 62 64 65 65 66 66 170 58 58 53 53 170 48 
MB 366 ->Up_aval Left_aval All_aval 59 59 59 59 59 59 59 59 59 59 59 59 59 59 59 59 59 60 60 62 62 64 65 65 66 66 170 58 58 52 52 170 48 
MB 367 ->Up_aval Left_aval All_aval 59 59 59 59 59 59 59 59 59 59 59 59 59 59 59 59 59 61 61 62 62 64 65 65 66 66 170 57 57 52 52 170 48 
MB 368 ->Up_aval Left_aval All_aval 59 58 59 58 58 58 58 58 58 59 59 59 59 59 58 59 59 61 61 62 62 64 65 65 65 65 170 57 57 51 51 47 47 
MB 369 ->Up_aval Left_aval All_aval 59 59 59 59 59 59 59 59 59 59 59 59 59 59 59 59 59 61 61 62 62 64 65 65 64 64 170 56 56 51 51 47 47 
MB 370 ->Up_aval Left_aval All_aval 59 58 58 58 58 58 58 58 58 58 58 58 58 58 58 58 58 61 61 62 62 64 65 65 63 63 170 56 56 50 50 46 46 
MB 371 ->Up_aval Left_aval All_aval 58 58 58 58 58 58 58 58 58 58 58 58 58 58 58 58 58 61 61 61 61 64 66 66 63 63 170 55 55 50 50 45 45 
MB 372 ->Up_aval Left_aval All_aval 58 58 58 58 58 58 58 58 58 58 58 58 58 58 58 58 57 60 59 62 61 65 66 66 62 62 170 54 54 49 49 45 45 
MB 373 ->Up_aval Left_aval All_aval 57 57 57 57 57 57 57 57 57 56 56 56 170 29 27 27 26 59 59 62 62 65 66 66 61 61 170 54 53 48 48 45 45 
MB 374 ->Up_aval Left_aval All_aval 26 26 26 26 25 25 25 25 25 25 170 57 24 24 24 23 23 26 26 170 170 170 65 65 61 61 170 53 53 48 48 35 35 
MB 375 ->Up_aval Left_aval All_aval 23 23 23 22 22 22 22 22 21 21 21 21 21 21 21 58 58 23 23 23 24 24 170 170 60 60 38 37 34 35 24 33 24 
MB 376 ->Up_aval Left_aval All_aval 58 58 58 58 58 58 58 58 58 58 58 58 59 59 59 59 59 58 170 63 63 66 63 63 59 59 38 38 34 34 170 32 32 
MB 377 ->Up_aval Left_aval All_aval 59 59 59 59 59 59 59 59 59 59 59 59 59 59 59 59 59 62 62 64 64 66 62 46 46 170 37 37 34 34 170 31 29 
MB 378 ->Up_aval Left_aval All_aval 59 59 60 60 60 60 60 60 60 60 60 60 60 60 60 60 60 62 62 65 50 48 48 44 44 170 38 38 34 35 170 31 31 
MB 379 ->Up_aval Left_aval All_aval 60 60 60 61 61 61 61 61 61 61 61 61 61 61 61 61 60 63 63 55 50 48 48 43 43 170 37 37 34 35 170 32 32 
MB 380 ->Up_aval Left_aval All_aval 60 60 62 62 62 61 61 61 61 62 61 62 61 61 62 62 61 58 54 54 50 48 48 45 44 170 39 38 35 35 170 33 33 
MB 381 ->Up_aval Left_aval All_aval 61 63 62 62 61 62 63 63 62 62 62 61 61 62 62 62 62 58 54 54 51 48 42 42 44 170 40 39 36 36 36 34 34 
MB 382 ->Up_aval Left_aval All_aval 62 62 62 61 61 62 60 61 61 60 61 61 61 61 61 53 53 58 54 54 51 49 49 46 46 170 41 42 170 39 39 37 37 
MB 383 ->Up_aval Left_aval All_aval 53 53 53 53 61 61 61 61 62 62 63 62 64 64 63 65 65 53 53 54 52 51 51 48 48 170 45 45 170 43 43 43 43 
MB 384 ->Up_aval Left_aval All_aval 65 64 65 65 66 66 66 66 66 66 66 66 65 65 65 65 64 61 59 59 58 58 56 55 55 170 170 52 52 47 47 44 44 
MB 385 ->Up_aval Left_aval All_aval 64 63 63 62 61 61 61 61 61 61 61 61 61 61 61 61 61 64 65 65 65 64 62 62 58 58 170 52 52 47 47 44 44 
MB 386 ->Up_aval Left_aval All_aval 61 61 61 61 61 61 61 61 61 61 61 61 61 61 61 61 61 63 63 65 65 64 62 62 58 58 170 52 52 48 48 44 44 
MB 387 ->Up_aval Left_aval All_aval 61 61 61 61 61 61 61 61 61 61 61 61 61 61 61 61 61 63 63 65 65 64 62 58 58 58 170 52 52 48 48 44 45 
MB 388 ->Up_aval Left_aval All_aval 61 61 61 61 61 61 61 61 61 61 61 61 61 61 61 61 61 63 63 65 65 64 62 58 58 58 170 51 51 47 47 44 44 
MB 389 ->Up_aval Left_aval All_aval 61 61 61 61 61 61 61 61 61 61 61 61 61 61 60 60 61 63 63 65 65 64 62 62 58 58 170 52 51 47 47 44 44 
MB 390 ->Up_aval Left_aval All_aval 61 61 61 61 61 61 61 61 61 61 61 61 61 61 61 61 61 63 63 65 65 65 62 62 59 59 170 52 52 48 48 45 45 
MB 391 ->Up_aval Left_aval All_aval 61 61 61 61 61 61 61 61 60 60 61 61 61 61 61 61 61 63 63 65 65 65 62 62 58 58 170 52 52 48 48 44 44 
MB 392 ->Up_aval Left_aval All_aval 61 61 61 61 61 61 61 61 61 61 61 61 61 61 61 61 61 63 63 65 65 64 62 62 59 59 170 53 52 48 48 45 45 
MB 393 ->Up_aval Left_aval All_aval 61 61 61 61 61 61 61 61 61 61 61 61 61 61 61 61 61 63 63 65 65 65 62 62 58 58 51 51 51 48 48 44 44 
MB 394 ->Up_aval Left_aval All_aval 61 61 61 61 61 61 61 61 62 61 62 61 62 61 61 61 61 64 64 65 65 64 61 58 58 170 52 52 51 47 47 44 44 
MB 395 ->Up_aval Left_aval All_aval 61 61 61 61 61 61 61 61 61 61 61 61 61 61 61 61 61 64 64 66 63 63 61 57 57 170 51 51 170 47 47 43 43 
MB 396 ->Up_aval Left_aval All_aval 61 61 61 61 61 61 61 61 61 61 61 61 62 62 62 62 62 63 63 65 65 64 61 57 57 170 51 51 170 47 47 43 43 
MB 397 ->Up_aval Left_aval All_aval 62 62 62 62 63 63 64 64 64 65 65 65 65 65 65 65 65 64 64 66 63 64 61 57 57 170 51 51 170 47 47 43 43 
MB 398 ->Up_aval Left_aval All_aval 65 65 65 65 65 65 65 65 65 65 65 65 64 65 65 65 65 66 62 62 58 58 55 53 54 170 48 49 170 45 46 43 43 
MB 399 ->Up_aval Left_aval All_aval 65 64 64 63 63 63 63 63 63 63 63 63 63 63 63 62 63 66 66 62 57 57 55 53 53 170 46 46 170 42 42 39 39 
MB 400 ->Up_aval Left_aval All_aval 63 63 63 63 63 63 63 63 63 63 63 63 63 63 63 63 64 66 66 63 59 60 58 55 56 170 50 50 170 44 44 39 40 
MB 401 ->Up_aval Left_aval All_aval 64 64 64 64 63 64 63 64 64 64 64 64 64 64 64 64 64 65 65 66 58 59 55 52 52 170 46 46 170 42 42 40 40 
MB 402 ->Up_aval Left_aval All_aval 64 64 65 65 65 65 65 65 65 65 65 66 66 66 66 66 66 66 66 65 61 61 59 52 52 170 45 45 170 42 42 39 40 
MB 403 ->Up_aval Left_aval All_aval 66 66 66 66 66 66 66 66 66 65 66 66 66 66 66 66 66 65 65 64 60 60 58 55 55 170 45 45 170 41 41 38 38 
MB 404 ->Up_aval Left_aval All_aval 66 66 66 66 66 66 66 66 66 66 66 66 66 66 66 66 66 64 61 61 59 59 57 54 54 170 38 49 170 41 41 38 38 
MB 405 ->Up_aval Left_aval All_aval 66 66 64 63 62 62 66 62 62 66 66 66 66 66 66 66 66 64 57 57 56 56 55 53 53 170 48 48 170 39 39 36 38 
MB 406 ->Up_aval Left_aval All_aval 66 58 66 66 66 66 66 66 66 66 56 56 66 66 66 66 66 64 60 60 56 57 52 51 51 170 48 48 170 44 44 36 40 
MB 407 ->Up_aval Left_aval All_aval 66 66 66 66 66 66 66 66 66 66 66 66 66 66 66 66 66 63 61 61 56 56 54 50 50 170 47 47 170 44 44 40 40 
MB 408 ->Up_aval Left_aval All_aval 66 66 66 66 66 66 66 65 65 65 65 65 64 64 64 64 64 63 61 61 57 57 55 51 51 170 45 45 170 44 43 41 41 
MB 409 ->Up_aval Left_aval All_aval 64 64 63 63 63 63 63 62 62 62 62 62 61 61 61 61 61 63 60 60 57 57 55 51 51 170 44 44 170 42 42 40 40 
MB 410 ->Up_aval Left_aval All_aval 61 61 60 60 60 60 59 59 59 59 59 59 58 58 58 57 57 60 60 60 56 56 54 51 51 170 45 45 170 41 41 40 40 
MB 411 ->Up_aval Left_aval All_aval 57 57 57 57 57 57 56 56 56 57 57 57 56 56 56 56 56 57 58 58 56 56 54 51 51 170 45 45 170 41 40 38 39 
MB 412 ->Up_aval Left_aval All_aval 56 56 56 56 56 55 55 55 55 55 55 55 55 54 54 54 54 56 56 57 55 56 53 51 51 170 45 45 170 41 41 38 38 
MB 413 ->Up_aval Left_aval All_aval 54 54 54 54 54 54 53 53 53 53 53 53 53 53 53 53 53 54 55 55 55 55 53 51 51 170 45 45 170 41 41 37 37 
MB 414 ->Up_aval Left_aval All_aval 53 53 53 53 52 52 52 52 52 52 52 52 52 52 52 52 52 53 53 53 53 53 53 50 50 170 45 45 170 42 42 36 36 
MB 415 ->Up_aval Left_aval All_aval 52 52 52 52 51 51 51 51 51 51 51 51 51 51 51 51 51 52 52 53 52 52 52 50 50 170 45 45 170 42 42 37 37 
MB 416 ->Up_aval Left_aval All_aval 51 51 51 50 50 50 50 50 50 50 50 50 50 50 50 50 50 51 51 51 51 51 51 50 50 170 45 45 170 42 41 38 38 
MB 417 ->Up_aval Left_aval All_aval 50 50 50 50 50 50 50 50 50 50 50 50 50 50 50 50 50 50 51 51 50 50 51 50 50 170 45 45 170 41 41 38 38 
MB 418 ->Up_aval Left_aval All_aval 50 50 50 50 50 50 50 50 50 50 50 50 50 50 50 50 50 50 50 50 50 50 50 50 50 170 45 45 170 42 42 39 39 
MB 419 ->Up_aval Left_aval All_aval 50 50 50 50 50 50 50 50 50 50 50 50 50 50 50 50 50 50 50 50 50 50 50 49 50 170 45 45 170 41 41 39 39 
MB 420 ->Up_aval Left_aval All_aval 50 50 50 50 50 50 50 50 50 50 50 50 50 50 50 50 50 50 50 50 50 50 50 50 50 170 45 45 170 42 42 39 39 
MB 421 ->Up_aval Left_aval All_aval 50 50 50 50 50 50 50 50 50 50 50 50 50 50 50 50 50 50 51 51 51 50 51 50 50 170 45 45 170 42 42 39 39 
MB 422 ->Up_aval Left_aval All_aval 50 50 50 50 50 51 51 51 51 51 51 51 51 52 52 52 52 50 51 51 50 50 51 50 50 170 45 45 170 42 42 39 39 
MB 423 ->Up_aval Left_aval All_aval 52 52 52 52 52 52 52 52 52 52 53 53 53 53 53 53 53 52 53 53 52 52 53 50 50 170 45 45 170 42 42 39 39 
MB 424 ->Up_aval Left_aval All_aval 53 53 53 53 53 53 53 53 53 54 54 54 54 54 54 54 54 53 54 54 53 53 53 51 51 170 45 45 170 42 42 39 39 
MB 425 ->Up_aval Left_aval All_aval 54 55 55 55 55 55 55 55 55 55 55 56 56 56 56 56 56 54 55 55 55 55 54 52 52 170 46 46 170 42 42 40 40 
MB 426 ->Up_aval Left_aval All_aval 56 56 56 56 56 57 57 57 57 57 58 58 58 58 58 58 58 56 57 57 56 56 55 52 52 170 46 46 170 43 40 37 38 
MB 427 ->Up_aval Left_aval All_aval 58 58 59 59 59 59 59 60 59 60 60 61 61 61 61 61 61 58 59 59 57 57 55 52 52 170 47 47 170 43 42 39 39 
MB 428 ->Up_aval Left_aval All_aval 61 61 62 62 62 62 63 63 63 63 63 63 63 64 64 64 64 61 61 61 58 58 55 52 52 170 45 45 170 42 41 40 40 
MB 429 ->Up_aval Left_aval All_aval 64 64 65 65 65 66 66 66 66 66 66 66 66 66 66 66 66 64 62 62 58 58 56 53 53 170 46 46 170 43 43 42 42 
MB 430 ->Up_aval Left_aval All_aval 66 66 66 66 66 66 65 65 65 65 65 65 65 65 65 65 65 65 65 63 59 59 57 48 54 170 47 47 170 45 45 42 42 
MB 431 ->Up_aval Left_aval All_aval 65 65 65 65 65 65 65 64 64 64 64 64 64 64 64 64 64 66 66 63 60 60 58 53 53 170 48 48 170 46 46 43 43 
MB 432 ->Up_aval Left_aval All_aval 64 64 64 64 64 64 64 64 64 64 64 64 64 64 64 64 63 66 66 64 60 60 58 54 54 170 50 50 170 47 47 37 37 
MB 433 ->Up_aval Left_aval All_aval 63 63 63 63 63 63 64 63 63 63 63 63 63 63 63 63 63 66 59 59 58 58 57 56 56 170 51 51 170 48 48 39 39 
MB 434 ->Up_aval Left_aval All_aval 63 63 63 63 63 63 63 63 63 63 63 63 63 63 62 63 62 65 65 65 62 62 61 58 58 170 170 52 52 43 43 40 40 
MB 435 ->Up_aval Left_aval All_aval 62 63 64 62 63 64 63 63 62 63 63 64 63 63 62 62 62 65 65 66 66 64 62 47 58 58 45 46 170 41 41 39 40 
MB 436 ->Up_aval Left_aval All_aval 62 61 61 61 61 61 61 61 60 60 60 60 60 60 60 60 60 63 63 65 65 65 63 49 52 170 45 45 170 43 43 40 40 
MB 437 ->Up_aval Left_aval All_aval 60 60 60 60 65 63 63 65 63 63 63 66 66 62 64 66 62 62 62 63 56 56 56 52 52 170 47 47 170 45 45 42 42 
MB 438 ->Up_aval Left_aval All_aval 62 64 64 64 64 62 66 64 66 66 66 64 65 52 52 65 65 63 61 61 58 58 56 54 54 170 49 49 170 45 45 43 43 
MB 439 ->Up_aval Left_aval All_aval 65 65 65 65 64 65 63 63 64 57 57 57 57 64 63 64 63 66 60 61 59 59 57 55 56 170 50 51 170 47 47 44 44 
MB 440 ->Up_aval Left_aval All_aval 63 64 64 64 64 63 63 63 62 63 62 62 62 62 62 62 61 65 65 66 63 63 59 55 55 170 170 52 52 49 49 45 45 
MB 441 ->Up_aval Left_aval All_aval 61 61 61 61 61 61 61 61 60 60 60 59 60 59 59 59 59 63 63 65 66 65 64 63 60 60 170 56 56 52 52 170 48 
MB 442 ->Up_aval Left_aval All_aval 59 58 57 56 56 57 57 56 56 56 56 56 56 56 56 56 55 60 59 61 61 64 66 66 64 64 170 58 57 53 53 170 49 
MB 443 ->Up_aval Left_aval All_aval 55 55 56 56 56 56 56 56 56 56 56 56 56 56 56 56 56 55 58 61 61 64 65 65 64 64 170 57 57 53 53 170 49 
MB 444 ->Up_aval Left_aval All_aval 56 56 56 56 56 56 56 56 56 56 56 56 56 56 56 56 56 56 59 61 61 64 65 65 65 65 170 58 58 53 53 170 49 
MB 445 ->Up_aval Left_aval All_aval 56 56 56 56 56 56 56 57 57 57 56 56 56 56 56 56 56 56 59 61 61 64 65 65 64 64 170 57 57 52 52 170 48 
MB 446 ->Up_aval Left_aval All_aval 56 56 56 56 56 56 56 56 56 56 56 56 56 56 56 56 56 56 59 61 61 64 65 66 64 64 170 57 57 52 52 170 48 
MB 447 ->Up_aval Left_aval All_aval 56 56 56 56 56 56 56 56 56 56 56 56 56 56 56 55 56 56 59 61 61 64 65 65 65 65 170 58 57 53 53 170 49 
MB 448 ->Up_aval Left_aval All_aval 56 56 56 56 56 56 56 56 56 56 56 56 56 56 56 56 56 56 58 61 61 64 65 65 64 64 170 57 57 53 53 170 48 
MB 449 ->Up_aval Left_aval All_aval 56 56 56 56 56 56 56 56 56 56 56 56 56 56 56 56 56 56 58 61 61 63 65 65 65 65 170 58 58 53 54 170 49 
MB 450 ->Up_aval Left_aval All_aval 56 56 56 56 56 56 56 56 56 56 56 56 56 56 56 56 56 56 58 61 61 64 65 65 64 64 170 58 58 53 53 170 49 
MB 451 ->Up_aval Left_aval All_aval 56 56 56 56 56 56 56 56 56 56 56 56 56 56 56 56 56 56 58 57 57 60 60 65 64 64 170 63 63 52 52 170 48 
MB 452 ->Up_aval 128 48 48 48 48 48 48 48 48 48 48 48 48 48 48 48 48 128 128 128 128 128 128 128 128 128 128 128 128 128 128 128 128 
MB 453 ->Up_aval Left_aval All_aval 48 48 48 48 48 48 48 48 52 52 52 52 52 52 52 52 52 45 45 170 45 45 170 41 41 38 38 170 36 36 31 31 30 
MB 454 ->Up_aval Left_aval All_aval 52 52 52 52 52 52 52 52 52 52 52 52 52 52 52 52 52 45 45 170 45 45 170 40 40 38 38 170 36 36 33 33 29 
MB 455 ->Up_aval Left_aval All_aval 52 52 52 52 52 52 52 52 52 52 52 52 52 52 51 51 51 52 49 49 45 45 170 40 40 38 38 35 35 170 33 33 31 
MB 456 ->Up_aval Left_aval All_aval 51 51 52 51 51 51 51 51 51 51 51 51 51 51 51 51 51 51 49 49 45 45 170 40 40 37 37 35 35 170 33 33 31 
MB 457 ->Up_aval Left_aval All_aval 51 51 51 51 51 51 51 51 51 51 51 51 51 51 51 51 51 51 48 48 45 45 170 40 40 37 37 35 35 170 33 33 31 
MB 458 ->Up_aval Left_aval All_aval 51 51 51 51 51 51 50 50 50 50 50 50 50 50 50 50 50 51 48 48 44 44 170 40 40 37 37 35 35 170 32 32 31 
MB 459 ->Up_aval Left_aval All_aval 50 50 50 50 50 50 50 50 50 50 50 50 50 50 50 50 50 50 48 48 44 44 170 40 40 37 37 35 35 170 32 32 30 
MB 460 ->Up_aval Left_aval All_aval 50 50 50 50 50 50 50 50 50 50 50 50 50 49 49 49 49 50 47 47 44 44 170 39 39 37 37 34 34 170 32 32 30 
MB 461 ->Up_aval Left_aval All_aval 49 49 49 49 49 49 49 50 50 50 50 50 50 50 50 50 50 49 47 47 43 43 170 39 39 36 37 34 34 170 32 32 30 
MB 462 ->Up_aval Left_aval All_aval 50 50 50 50 50 50 50 50 50 50 50 50 50 50 50 50 50 46 46 46 43 43 170 39 39 36 36 34 34 170 31 31 30 
MB 463 ->Up_aval Left_aval All_aval 50 50 50 50 50 50 50 50 50 50 50 50 50 50 50 50 50 50 47 47 42 42 170 38 38 36 36 34 34 170 31 31 30 
MB 464 ->Up_aval Left_aval All_aval 50 50 50 50 50 50 50 50 50 50 50 50 50 50 50 50 50 50 47 47 43 43 170 38 38 36 36 34 34 170 31 31 30 
MB 465 ->Up_aval Left_aval All_aval 50 50 50 50 50 50 50 50 50 50 50 50 50 50 50 50 50 50 47 47 43 43 170 38 38 35 35 33 33 170 31 31 29 
MB 466 ->Up_aval Left_aval All_aval 50 50 50 50 50 50 50 50 50 50 50 50 50 50 50 50 50 50 47 47 43 43 170 38 38 35 35 33 33 170 31 31 29 
MB 467 ->Up_aval Left_aval All_aval 50 50 50 50 50 50 50 50 50 50 50 50 50 50 50 50 50 50 47 47 43 43 170 38 38 35 35 33 33 170 31 31 29 
MB 468 ->Up_aval Left_aval All_aval 50 50 50 50 50 50 50 50 50 50 50 50 50 50 50 50 50 50 47 47 43 43 170 38 38 35 35 33 33 170 30 30 29 
MB 469 ->Up_aval Left_aval All_aval 50 50 50 50 50 50 50 50 50 50 50 50 50 50 50 50 50 50 47 47 43 43 170 38 38 35 35 32 32 170 30 30 29 
MB 470 ->Up_aval Left_aval All_aval 50 50 50 50 50 50 50 50 50 50 50 50 50 50 50 50 50 50 47 47 43 43 170 38 38 35 35 33 33 170 30 30 28 
MB 471 ->Up_aval Left_aval All_aval 50 50 50 50 50 50 50 50 50 50 50 50 50 50 50 50 50 50 47 47 43 43 170 38 38 35 35 33 33 170 30 30 28 
MB 472 ->Up_aval Left_aval All_aval 50 50 50 50 50 50 50 50 50 50 50 50 50 50 50 50 50 50 47 47 43 43 170 38 38 35 35 33 33 30 30 30 28 
MB 473 ->Up_aval Left_aval All_aval 50 50 50 50 50 50 50 50 50 50 50 50 50 50 50 50 50 50 47 47 43 43 170 38 38 35 35 32 33 170 30 30 28 
MB 474 ->Up_aval Left_aval All_aval 50 50 50 50 50 50 50 50 50 49 49 50 50 49 49 49 49 50 46 46 42 42 170 37 37 35 35 32 32 30 30 30 28 
MB 475 ->Up_aval Left_aval All_aval 49 49 49 49 49 49 49 49 49 49 49 49 49 49 49 49 49 49 46 46 42 42 170 37 37 35 35 32 32 29 29 170 28 
MB 476 ->Up_aval Left_aval All_aval 49 49 49 49 49 49 49 49 49 49 49 49 49 49 49 49 48 46 46 46 42 42 170 37 37 35 35 32 32 29 29 170 27 
MB 477 ->Up_aval Left_aval All_aval 48 49 48 49 48 48 48 48 48 48 48 48 48 48 48 48 48 45 45 170 42 42 170 37 37 34 34 32 32 29 29 170 27 
MB 478 ->Up_aval Left_aval All_aval 48 48 48 48 48 48 48 48 48 48 48 48 48 48 48 48 48 45 45 170 42 42 170 37 37 34 34 32 32 29 29 170 27 
MB 479 ->Up_aval Left_aval All_aval 48 48 48 48 48 48 48 48 48 48 48 48 47 48 47 47 48 45 45 170 41 41 170 36 36 34 34 31 31 29 29 170 27 
MB 480 ->Up_aval Left_aval All_aval 48 47 47 47 47 47 47 47 47 47 47 47 47 47 47 47 47 45 45 170 41 41 170 36 36 34 34 31 31 28 28 170 27 
MB 481 ->Up_aval Left_aval All_aval 47 47 47 47 47 47 47 47 47 47 47 47 47 47 47 47 47 44 44 170 40 40 170 36 36 33 33 30 31 28 28 170 27 
MB 482 ->Up_aval Left_aval All_aval 47 46 46 46 46 46 46 46 46 46 46 46 46 46 46 46 46 44 44 170 40 40 170 35 35 33 33 30 30 28 28 170 27 
MB 483 ->Up_aval Left_aval All_aval 46 46 46 46 46 46 46 46 46 46 46 45 45 45 45 45 45 43 43 170 40 40 170 35 35 32 32 30 30 28 28 170 27 
MB 484 ->Up_aval Left_aval All_aval 45 45 45 45 45 45 45 45 45 45 45 45 45 45 45 45 45 43 43 170 39 39 170 34 34 32 32 30 30 28 28 27 27 
MB 485 ->Up_aval Left_aval All_aval 45 45 45 45 45 45 45 45 45 45 45 45 45 45 45 45 45 42 42 170 39 39 170 34 34 29 29 28 27 27 27 26 26 
MB 486 ->Up_aval Left_aval All_aval 45 45 45 45 44 45 43 44 38 37 36 36 36 36 36 35 35 35 34 32 32 170 28 28 170 27 27 26 26 24 24 22 22 
MB 487 ->Up_aval Left_aval All_aval 35 35 35 35 34 34 34 34 34 34 34 33 33 33 24 24 24 34 34 32 32 170 27 28 170 27 27 25 24 23 23 22 22 
MB 488 ->Up_aval Left_aval All_aval 24 33 33 33 32 32 32 32 32 32 32 32 32 32 32 32 32 24 32 31 31 170 29 29 25 25 170 24 24 23 23 22 22 
MB 489 ->Up_aval Left_aval All_aval 32 32 32 32 32 32 32 31 31 31 31 29 29 29 29 29 29 30 30 29 29 170 27 27 170 27 26 25 25 23 23 22 22 
MB 490 ->Up_aval Left_aval All_aval 29 29 28 28 29 29 29 29 29 31 31 31 31 31 31 31 31 29 29 28 28 170 26 26 170 26 26 24 24 23 23 22 22 
MB 491 ->Up_aval Left_aval All_aval 31 31 31 31 31 31 31 31 32 32 32 32 32 32 32 32 32 30 30 28 28 170 26 26 25 25 170 24 24 23 23 22 22 
MB 492 ->Up_aval Left_aval All_aval 32 32 32 32 32 33 33 33 33 33 33 33 33 33 33 33 33 30 30 29 28 170 27 27 24 24 170 24 24 23 22 22 22 
MB 493 ->Up_aval Left_aval All_aval 33 33 33 33 33 34 33 33 33 33 34 34 34 34 34 34 34 32 32 30 30 170 27 27 170 26 26 25 25 24 24 23 23 
MB 494 ->Up_aval Left_aval All_aval 34 34 34 34 34 34 34 35 35 35 36 36 36 36 36 37 37 32 32 31 31 170 29 29 170 29 28 28 28 27 27 27 27 
MB 495 ->Up_aval Left_aval All_aval 37 37 38 38 38 39 39 39 39 40 40 40 41 42 42 43 43 36 36 34 35 170 170 34 34 32 32 31 31 28 28 170 27 
MB 496 ->Up_aval Left_aval All_aval 43 43 43 43 43 43 44 43 44 44 44 44 44 44 44 44 44 41 41 170 38 38 170 35 34 33 33 31 31 29 29 27 27 
MB 497 ->Up_aval Left_aval All_aval 44 44 44 44 44 45 45 45 43 44 44 44 44 44 44 44 44 41 41 170 40 40 170 35 35 33 33 31 31 28 28 27 27 
MB 498 ->Up_aval Left_aval All_aval 44 44 44 44 44 44 44 44 44 44 44 44 44 44 44 44 44 42 42 170 39 39 170 35 35 33 33 31 31 29 29 170 27 
MB 499 ->Up_aval Left_aval All_aval 44 44 44 44 44 44 44 44 44 44 44 44 44 44 44 44 45 42 42 170 39 39 170 35 35 33 33 31 31 29 29 170 27 
MB 500 ->Up_aval Left_aval All_aval 45 45 45 44 44 43 44 44 44 44 44 44 44 44 44 44 44 43 43 170 39 39 170 35 34 32 32 30 30 28 28 170 27 
MB 501 ->Up_aval Left_aval All_aval 44 44 44 44 44 44 44 44 44 44 44 44 44 44 44 44 44 41 41 170 38 38 170 34 34 32 33 30 30 28 28 170 27 
MB 502 ->Up_aval Left_aval All_aval 44 44 44 44 44 44 44 44 44 44 44 44 44 44 45 45 45 42 42 170 39 39 170 34 34 33 33 31 31 28 28 170 27 
MB 503 ->Up_aval Left_aval All_aval 45 45 45 45 44 45 44 44 44 44 44 44 44 44 44 44 44 42 42 170 40 39 170 37 36 34 34 31 31 30 30 170 27 
MB 504 ->Up_aval Left_aval All_aval 44 44 44 44 44 44 44 44 44 44 44 44 44 44 44 44 45 42 42 170 39 39 170 35 35 33 33 31 31 29 29 170 27 
MB 505 ->Up_aval Left_aval All_aval 45 45 45 45 45 45 45 45 45 45 45 45 45 44 44 44 44 42 42 170 39 39 170 35 35 33 33 31 31 29 29 170 27 
MB 506 ->Up_aval Left_aval All_aval 44 44 44 44 44 44 44 44 44 45 44 44 44 44 44 44 44 42 42 170 39 39 170 35 35 170 170 31 31 29 29 170 27 
MB 507 ->Up_aval Left_aval All_aval 44 44 44 44 44 44 44 44 44 44 44 44 43 43 43 43 43 42 42 170 39 39 170 34 34 33 33 31 31 29 29 170 27 
MB 508 ->Up_aval Left_aval All_aval 43 43 43 43 43 43 43 43 43 43 43 43 43 43 43 43 43 41 41 170 38 38 170 34 34 32 32 30 30 29 29 170 27 
MB 509 ->Up_aval Left_aval All_aval 43 43 43 43 43 43 43 43 43 43 43 43 43 43 43 43 43 41 41 170 38 38 170 34 34 32 32 30 30 29 29 170 27 
MB 510 ->Up_aval Left_aval All_aval 43 43 43 43 43 43 43 43 43 43 43 43 43 43 43 43 43 41 41 170 38 38 170 34 34 33 33 30 30 29 29 170 27 
MB 511 ->Up_aval Left_aval All_aval 43 43 43 42 42 41 40 41 41 40 40 40 40 39 39 39 39 41 41 170 38 38 170 34 34 32 32 30 30 29 29 27 27 
MB 512 ->Up_aval Left_aval All_aval 39 39 39 38 38 38 38 38 39 38 39 39 39 38 39 39 40 37 37 35 35 170 32 32 170 30 30 29 29 28 28 26 26 
MB 513 ->Up_aval Left_aval All_aval 40 40 41 42 42 43 43 42 42 42 42 41 41 41 40 40 40 37 37 34 34 170 30 30 170 29 28 27 27 25 25 24 24 
MB 514 ->Up_aval Left_aval All_aval 40 40 39 39 40 39 40 40 39 39 39 40 38 38 39 39 40 38 38 36 36 170 33 33 33 31 31 29 29 27 27 24 24 
MB 515 ->Up_aval Left_aval All_aval 40 40 40 39 39 38 39 39 39 39 39 39 39 39 39 39 38 36 36 35 35 170 31 31 170 29 29 28 28 26 26 24 24 
MB 516 ->Up_aval Left_aval All_aval 38 38 39 39 39 38 38 38 39 38 39 39 39 39 38 38 38 36 36 35 35 170 30 31 170 29 29 27 27 25 25 24 24 
MB 517 ->Up_aval Left_aval All_aval 38 38 38 39 38 38 39 38 38 38 35 38 35 38 39 36 38 35 35 33 33 170 30 30 170 28 28 27 26 25 25 24 24 
MB 518 ->Up_aval Left_aval All_aval 38 38 37 36 36 37 37 38 36 37 35 35 39 35 35 35 40 35 35 32 32 170 30 31 170 29 29 27 27 25 25 24 24 
MB 519 ->Up_aval Left_aval All_aval 40 36 36 38 40 41 34 41 41 37 38 39 39 37 41 41 40 35 35 32 32 170 28 28 170 28 28 27 27 24 25 23 23 
MB 520 ->Up_aval Left_aval All_aval 40 41 41 41 41 41 41 41 41 41 41 41 41 41 41 41 41 36 35 32 32 170 28 29 170 28 28 27 26 24 25 23 23 
MB 521 ->Up_aval Left_aval All_aval 41 41 41 41 41 40 41 40 40 40 40 40 40 40 40 40 40 38 39 31 32 170 29 29 170 28 28 27 27 24 24 23 23 
MB 522 ->Up_aval Left_aval All_aval 40 40 40 40 40 40 40 40 40 40 40 40 40 40 40 40 40 38 38 36 36 170 30 30 170 28 28 26 26 24 24 23 23 
MB 523 ->Up_aval Left_aval All_aval 40 40 40 40 39 39 39 39 39 39 39 39 39 39 39 39 39 38 38 36 36 170 31 32 170 29 27 27 27 24 24 22 22 
MB 524 ->Up_aval Left_aval All_aval 39 38 38 38 38 38 38 38 38 38 38 38 38 38 38 38 38 37 37 35 35 170 32 32 170 31 31 27 27 24 24 23 23 
MB 525 ->Up_aval Left_aval All_aval 38 38 38 37 37 37 37 37 37 38 38 37 37 37 37 37 37 37 37 35 35 170 32 32 170 31 31 29 29 24 24 23 23 
MB 526 ->Up_aval Left_aval All_aval 37 37 36 36 36 36 36 36 35 35 35 35 36 36 36 36 36 36 36 35 35 170 32 32 170 30 30 28 29 25 25 23 23 
MB 527 ->Up_aval Left_aval All_aval 36 36 36 36 36 36 36 36 38 38 38 38 38 37 37 37 37 34 34 34 34 170 32 32 170 30 30 29 29 25 27 23 23 
MB 528 ->Up_aval Left_aval All_aval 37 37 36 36 38 38 38 38 39 38 37 38 38 38 38 38 38 35 35 34 34 170 32 32 170 30 30 29 29 27 27 26 26 
MB 529 ->Up_aval Left_aval All_aval 38 38 39 38 38 38 39 38 39 38 39 39 39 39 38 38 38 35 34 33 33 170 32 32 170 30 30 29 29 27 27 26 26 
MB 530 ->Up_aval Left_aval All_aval 38 38 38 38 38 38 38 38 39 38 39 38 39 39 39 39 39 35 34 33 33 170 32 32 170 30 30 29 29 27 27 23 23 
MB 531 ->Up_aval Left_aval All_aval 39 39 39 39 39 39 39 39 39 39 39 39 39 39 39 39 39 35 34 33 33 170 32 32 170 30 30 29 29 27 27 26 26 
MB 532 ->Up_aval Left_aval All_aval 39 39 39 39 39 39 39 39 39 39 39 39 39 39 39 39 39 34 36 33 33 170 32 32 170 30 30 29 29 26 27 18 25 
MB 533 ->Up_aval Left_aval All_aval 39 39 39 39 39 39 39 39 39 39 39 39 39 39 39 39 39 36 36 33 33 170 32 32 170 31 21 21 28 26 26 22 24 
MB 534 ->Up_aval Left_aval All_aval 39 39 39 39 39 39 37 39 39 39 39 39 38 38 39 39 39 37 37 34 34 170 32 32 170 31 31 29 29 18 27 19 19 
MB 535 ->Up_aval Left_aval All_aval 39 39 39 39 39 39 39 39 39 39 39 39 39 39 39 39 39 37 37 34 34 170 32 32 170 31 21 21 29 27 27 21 20 
MB 536 ->Up_aval Left_aval All_aval 39 39 40 39 39 39 39 39 40 40 39 39 40 40 40 40 39 35 35 34 34 170 33 33 170 31 31 29 29 16 21 21 21 
MB 537 ->Up_aval Left_aval All_aval 39 39 39 38 37 39 40 40 40 40 40 40 40 40 40 40 40 36 36 35 35 170 33 33 170 31 31 29 29 23 27 22 22 
MB 538 ->Up_aval Left_aval All_aval 40 39 40 40 39 40 39 39 38 38 38 39 38 38 38 38 38 37 37 35 35 170 33 33 170 31 31 30 30 26 27 21 21 
MB 539 ->Up_aval Left_aval All_aval 38 37 39 39 39 39 39 39 39 39 39 39 39 39 39 39 39 37 37 36 36 170 33 33 33 32 32 30 30 26 26 22 23 
MB 540 ->Up_aval Left_aval All_aval 39 39 39 39 39 39 39 40 40 40 40 40 40 40 40 40 40 38 38 36 36 170 33 33 33 31 31 27 26 25 25 22 22 
MB 541 ->Up_aval Left_aval All_aval 40 40 40 40 41 41 41 41 41 42 42 42 42 42 42 42 42 39 39 37 37 170 170 34 34 30 30 26 26 24 24 23 23 
MB 542 ->Up_aval Left_aval All_aval 42 42 42 42 42 42 42 42 42 42 42 42 42 42 42 42 42 40 40 170 37 37 170 34 34 29 29 26 26 25 25 24 24 
MB 543 ->Up_aval Left_aval All_aval 42 43 42 42 42 43 43 43 43 43 43 43 43 43 43 43 43 40 40 37 37 37 30 30 170 28 28 27 27 25 25 24 24 
MB 544 ->Up_aval Left_aval All_aval 43 43 43 43 43 43 42 35 35 43 43 43 43 36 42 38 37 31 41 31 31 170 30 30 170 29 29 27 27 24 24 23 23 
MB 545 ->Up_aval Left_aval All_aval 37 44 44 43 44 39 38 38 39 38 39 39 40 40 39 40 39 36 36 32 32 170 30 30 170 29 29 27 27 24 24 23 24 
MB 546 ->Up_aval Left_aval All_aval 39 39 40 39 39 38 38 38 39 38 38 39 38 39 39 40 40 36 36 33 34 170 31 31 170 29 29 26 26 25 25 24 24 
MB 547 ->Up_aval Left_aval All_aval 40 40 41 40 39 40 39 39 39 39 39 39 39 39 39 38 40 37 37 33 34 170 30 30 170 30 30 28 27 26 26 25 25 
MB 548 ->Up_aval Left_aval All_aval 40 40 40 39 40 40 40 40 40 40 41 42 42 41 40 40 40 37 38 34 34 170 31 31 170 30 30 28 28 27 27 25 25 
MB 549 ->Up_aval Left_aval All_aval 40 40 41 41 41 41 42 41 42 42 42 42 42 42 42 42 42 38 39 34 35 170 32 32 170 30 30 29 29 24 24 24 24 
MB 550 ->Up_aval Left_aval All_aval 42 42 42 42 42 42 42 43 42 43 43 43 43 42 43 43 43 39 40 36 36 170 32 32 170 31 31 29 29 27 27 25 25 
MB 551 ->Up_aval Left_aval All_aval 43 43 43 44 44 44 43 44 44 44 44 44 44 44 44 44 44 40 40 170 37 37 33 34 33 31 31 30 30 28 28 170 27 
MB 552 ->Up_aval Left_aval All_aval 44 45 45 44 44 44 45 44 45 45 45 44 45 46 46 45 45 42 42 170 38 38 170 35 35 33 33 31 31 170 30 30 29 
MB 553 ->Up_aval Left_aval All_aval 45 45 45 45 45 45 47 48 48 48 48 48 48 48 48 48 48 42 42 170 41 40 170 37 37 35 35 33 33 170 31 31 29 
MB 554 ->Up_aval Left_aval All_aval 48 48 48 48 48 48 48 48 48 48 48 49 49 49 49 49 49 45 45 170 42 42 170 38 38 37 37 34 34 170 32 32 30 
MB 555 ->Up_aval Left_aval All_aval 49 49 49 49 48 49 49 49 49 48 48 48 49 49 49 49 49 46 46 46 42 42 170 38 37 35 35 34 34 170 31 31 30 
MB 556 ->Up_aval Left_aval All_aval 49 49 49 49 49 49 48 49 49 49 48 49 49 48 49 49 49 46 46 46 42 42 170 38 38 36 36 34 34 170 31 31 30 
MB 557 ->Up_aval Left_aval All_aval 49 49 49 49 50 49 49 49 48 48 48 48 48 48 48 48 48 49 46 46 43 42 170 38 38 37 37 35 35 170 33 33 31 
MB 558 ->Up_aval Left_aval All_aval 48 48 48 48 48 48 48 48 48 48 48 48 48 48 48 48 48 45 45 170 42 42 170 38 38 36 36 34 34 170 31 31 29 
MB 559 ->Up_aval Left_aval All_aval 48 48 48 48 48 48 48 48 48 48 48 48 48 49 50 50 49 45 45 170 42 42 170 38 38 36 36 34 34 170 31 31 29 
MB 560 ->Up_aval Left_aval All_aval 49 48 49 49 49 49 49 49 49 49 49 49 49 49 49 48 48 48 47 47 43 43 170 38 38 36 36 34 34 170 31 31 30 
MB 561 ->Up_aval Left_aval All_aval 48 49 49 49 49 49 49 49 49 49 49 49 49 49 49 49 49 46 46 46 42 42 170 38 38 36 36 34 34 170 32 32 30 
MB 562 ->Up_aval Left_aval All_aval 49 49 49 50 50 50 49 49 49 49 49 49 49 49 49 49 49 49 46 46 43 43 170 38 38 36 36 34 34 170 32 32 30 
MB 563 ->Up_aval Left_aval All_aval 49 49 49 49 49 49 49 48 48 48 48 48 48 48 48 48 48 49 46 46 46 46 170 40 39 36 36 34 34 170 32 32 30 
MB 564 ->Up_aval Left_aval All_aval 48 48 48 48 48 48 48 48 48 48 48 48 48 48 48 48 48 45 45 45 46 46 170 41 41 36 36 34 34 170 32 32 30 
MB 565 ->Up_aval 128 30 30 30 30 30 30 30 30 30 30 30 30 30 30 30 30 128 128 128 128 128 128 128 128 128 128 128 128 128 128 128 128 
MB 566 ->Up_aval Left_aval All_aval 30 30 30 30 30 30 30 30 29 30 30 29 29 29 29 29 29 30 29 29 29 29 29 29 29 29 29 29 29 29 29 29 29 
MB 567 ->Up_aval Left_aval All_aval 29 29 29 29 29 29 29 29 29 29 29 29 29 29 31 31 31 29 28 28 28 28 28 28 28 28 28 28 28 28 28 28 28 
MB 568 ->Up_aval Left_aval All_aval 31 31 31 31 31 31 31 31 31 31 31 31 31 31 31 31 31 31 28 28 28 28 28 28 28 28 28 28 28 28 28 28 28 
MB 569 ->Up_aval Left_aval All_aval 31 31 31 31 31 31 31 31 31 31 31 31 31 31 31 31 31 31 28 28 28 28 28 28 28 28 28 28 28 28 28 28 28 
MB 570 ->Up_aval Left_aval All_aval 31 31 31 31 31 31 31 31 31 31 31 31 31 31 31 31 31 31 170 170 170 170 170 170 170 170 170 170 170 170 170 170 170 
MB 571 ->Up_aval Left_aval All_aval 31 31 31 31 31 31 31 31 31 31 31 30 30 30 31 31 30 31 170 170 170 170 170 170 170 170 170 170 170 170 170 170 170 
MB 572 ->Up_aval Left_aval All_aval 30 30 30 31 30 30 30 30 31 31 30 30 30 30 30 30 30 30 170 170 170 170 170 170 170 170 170 170 170 170 170 170 170 
MB 573 ->Up_aval Left_aval All_aval 30 30 30 30 30 30 30 30 30 30 30 30 30 30 30 30 30 30 27 27 27 27 27 27 27 27 27 27 27 27 27 27 27 
MB 574 ->Up_aval Left_aval All_aval 30 30 30 30 30 30 30 30 30 30 30 30 30 30 30 30 30 30 27 27 27 27 27 27 27 27 27 27 27 27 27 27 27 
MB 575 ->Up_aval Left_aval All_aval 30 30 30 30 30 30 30 30 30 30 30 30 30 30 30 30 30 30 26 26 26 26 26 26 26 26 26 26 26 26 26 26 26 
MB 576 ->Up_aval Left_aval All_aval 30 30 30 30 30 30 30 30 30 30 30 30 30 30 30 30 30 30 27 27 27 27 27 27 27 27 27 27 27 27 27 27 27 
MB 577 ->Up_aval Left_aval All_aval 30 29 30 29 30 30 30 30 30 30 29 29 29 29 29 29 29 30 27 27 27 27 27 27 27 27 27 27 27 27 27 27 27 
MB 578 ->Up_aval Left_aval All_aval 29 29 29 29 29 29 29 29 29 29 29 29 29 29 29 29 29 29 27 27 27 27 27 27 27 27 27 27 27 27 27 27 27 
MB 579 ->Up_aval Left_aval All_aval 29 29 29 29 29 29 29 29 29 29 29 29 29 29 29 29 29 29 26 26 26 26 26 26 26 26 26 26 26 26 26 26 26 
MB 580 ->Up_aval Left_aval All_aval 29 29 29 29 29 29 29 29 29 29 29 29 29 29 29 29 29 29 26 26 26 26 26 26 26 26 26 26 26 26 26 26 26 
MB 581 ->Up_aval Left_aval All_aval 29 29 29 29 29 29 29 29 29 29 29 29 29 29 29 29 29 29 26 26 26 26 26 26 26 26 26 26 26 26 26 26 26 
MB 582 ->Up_aval Left_aval All_aval 29 29 29 29 29 29 29 29 29 29 29 28 29 29 28 29 28 29 26 26 26 26 26 26 26 26 26 26 26 26 26 26 26 
MB 583 ->Up_aval Left_aval All_aval 28 28 28 28 28 28 28 28 28 28 28 28 28 28 28 28 28 28 26 26 26 26 26 26 26 26 26 26 26 26 26 26 26 
MB 584 ->Up_aval Left_aval All_aval 28 28 28 28 28 28 28 28 28 28 28 28 28 28 28 28 28 28 26 26 26 26 26 26 26 26 26 26 26 26 26 26 26 
MB 585 ->Up_aval Left_aval All_aval 28 28 28 28 28 28 28 28 28 28 28 28 28 28 28 28 28 28 25 25 25 25 25 25 25 25 25 25 25 25 25 25 25 
MB 586 ->Up_aval Left_aval All_aval 28 28 28 28 28 28 28 28 28 28 28 28 28 28 28 28 28 28 25 25 25 25 25 25 25 25 25 25 25 25 25 25 25 
MB 587 ->Up_aval Left_aval All_aval 28 28 28 28 28 28 28 28 28 28 28 28 28 28 28 28 28 28 25 25 25 25 25 25 25 25 25 25 25 25 25 25 25 
MB 588 ->Up_aval Left_aval All_aval 28 28 27 27 28 28 28 28 28 28 27 27 27 27 27 27 27 28 25 25 25 25 25 25 25 25 25 25 25 25 25 25 25 
MB 589 ->Up_aval Left_aval All_aval 27 27 27 27 27 27 27 27 27 27 27 27 27 27 27 27 27 27 25 25 25 25 25 25 25 25 25 25 25 25 25 25 25 
MB 590 ->Up_aval Left_aval All_aval 27 27 27 27 27 27 27 27 27 27 27 27 27 27 27 27 27 27 25 25 25 25 25 25 25 25 25 25 25 25 25 25 25 
MB 591 ->Up_aval Left_aval All_aval 27 27 27 27 27 27 27 27 27 27 27 27 27 27 27 27 27 27 24 24 24 24 24 24 24 24 24 24 24 24 24 24 24 
MB 592 ->Up_aval Left_aval All_aval 27 27 27 27 27 27 27 27 27 27 27 27 27 27 27 27 27 27 24 24 24 24 24 24 24 24 24 24 24 24 24 24 24 
MB 593 ->Up_aval Left_aval All_aval 27 27 27 27 27 27 27 27 27 27 27 27 27 27 27 27 27 27 24 24 24 24 24 24 24 24 24 24 24 24 24 24 24 
MB 594 ->Up_aval Left_aval All_aval 27 27 27 27 27 27 27 27 27 27 27 27 27 27 27 27 27 27 24 24 24 24 24 24 24 24 24 24 24 24 24 24 24 
MB 595 ->Up_aval Left_aval All_aval 27 27 27 27 27 27 27 27 27 27 27 27 27 27 27 27 27 27 24 24 24 24 24 24 24 24 24 24 24 24 24 24 24 
MB 596 ->Up_aval Left_aval All_aval 27 27 27 27 27 27 27 27 27 27 27 27 27 27 27 27 27 27 24 24 24 24 24 24 24 24 24 24 24 24 24 24 24 
MB 597 ->Up_aval Left_aval All_aval 27 26 26 26 25 26 26 25 26 27 27 26 26 26 26 26 26 170 24 24 24 24 24 24 24 24 24 24 24 24 24 24 24 
MB 598 ->Up_aval Left_aval All_aval 26 26 25 24 23 23 23 23 23 21 21 21 21 21 21 21 22 170 22 22 22 22 22 22 22 22 22 22 22 22 22 22 22 
MB 599 ->Up_aval Left_aval All_aval 22 22 22 22 22 22 22 22 22 22 22 22 22 22 22 22 22 170 20 20 20 20 20 20 20 20 20 20 20 20 20 20 20 
MB 600 ->Up_aval Left_aval All_aval 22 22 22 22 22 22 22 22 22 22 22 22 22 22 22 22 22 170 20 20 20 20 20 20 20 20 20 20 20 20 20 20 20 
MB 601 ->Up_aval Left_aval All_aval 22 22 22 22 22 22 22 22 22 22 22 22 22 22 22 22 22 170 20 20 20 20 20 20 20 20 20 20 20 20 20 20 20 
MB 602 ->Up_aval Left_aval All_aval 22 22 22 22 22 22 22 22 22 22 22 22 22 22 22 22 22 170 20 20 20 20 20 20 20 20 20 20 20 20 20 20 20 
MB 603 ->Up_aval Left_aval All_aval 22 22 22 22 22 22 22 22 22 22 22 22 22 22 22 22 22 170 20 20 20 20 20 20 20 20 20 20 20 20 20 20 20 
MB 604 ->Up_aval Left_aval All_aval 22 22 22 22 22 22 22 22 22 21 22 22 22 22 22 22 22 170 20 20 20 20 20 20 20 20 20 20 20 20 20 20 20 
MB 605 ->Up_aval Left_aval All_aval 22 22 21 21 21 22 22 22 22 22 23 23 23 23 23 23 23 170 20 20 20 20 20 20 20 20 20 20 20 20 20 20 20 
MB 606 ->Up_aval Left_aval All_aval 23 23 24 24 24 25 25 25 25 26 26 26 26 27 27 27 27 170 23 23 23 23 23 23 23 23 23 23 23 23 23 23 23 
MB 607 ->Up_aval Left_aval All_aval 27 27 27 27 27 27 27 27 27 27 27 27 27 27 27 27 27 27 24 24 24 24 24 24 24 24 24 24 24 24 24 24 24 
MB 608 ->Up_aval Left_aval All_aval 27 27 27 27 27 27 27 27 27 27 27 27 27 27 27 26 27 27 24 24 24 24 24 24 24 24 24 24 24 24 24 24 24 
MB 609 ->Up_aval Left_aval All_aval 27 27 27 27 27 27 27 27 27 27 27 27 27 27 27 27 27 27 24 24 24 24 24 24 24 24 24 24 24 24 24 24 24 
MB 610 ->Up_aval Left_aval All_aval 27 27 27 27 27 27 27 27 27 27 27 27 27 27 27 27 27 27 24 24 24 24 24 24 24 24 24 24 24 24 24 24 24 
MB 611 ->Up_aval Left_aval All_aval 27 27 27 27 27 27 27 27 27 27 27 27 27 27 27 27 27 27 24 24 24 24 24 24 24 24 24 24 24 24 24 24 24 
MB 612 ->Up_aval Left_aval All_aval 27 27 27 27 28 28 27 27 27 27 27 27 27 27 27 27 27 27 25 25 25 25 25 25 25 25 25 25 25 25 25 25 25 
MB 613 ->Up_aval Left_aval All_aval 27 27 27 27 27 27 27 27 27 27 27 27 27 27 27 27 27 27 24 24 24 24 24 24 24 24 24 24 24 24 24 24 24 
MB 614 ->Up_aval Left_aval All_aval 27 27 27 27 27 27 27 27 27 27 27 27 27 27 27 27 27 27 24 24 24 24 24 24 24 24 24 24 24 24 24 24 24 
MB 615 ->Up_aval Left_aval All_aval 27 27 27 27 27 27 27 27 27 27 27 27 27 27 27 27 27 27 24 24 24 24 24 24 24 24 24 24 24 24 24 24 24 
MB 616 ->Up_aval Left_aval All_aval 27 28 28 27 27 27 27 27 27 27 27 27 27 27 27 27 27 27 25 25 25 25 25 25 25 25 25 25 25 25 25 25 25 
MB 617 ->Up_aval Left_aval All_aval 27 27 27 27 27 27 27 27 27 27 27 27 27 27 27 27 27 27 24 24 24 24 24 24 24 24 24 24 24 24 24 24 24 
MB 618 ->Up_aval Left_aval All_aval 27 27 27 27 27 27 27 27 27 27 27 27 27 27 27 27 27 27 24 24 24 24 24 24 24 24 24 24 24 24 24 24 24 
MB 619 ->Up_aval Left_aval All_aval 27 27 27 27 27 28 28 28 27 27 27 27 27 27 27 27 27 27 24 25 25 25 25 25 25 25 25 25 25 25 25 25 25 
MB 620 ->Up_aval Left_aval All_aval 27 27 27 27 27 27 27 27 27 27 27 27 27 27 27 27 27 27 25 25 25 25 25 25 25 25 25 25 25 25 25 25 25 
MB 621 ->Up_aval Left_aval All_aval 27 27 27 27 27 27 27 27 27 27 27 27 27 27 27 27 27 27 24 24 24 24 24 24 24 24 24 24 24 24 24 24 24 
MB 622 ->Up_aval Left_aval All_aval 27 27 27 27 27 27 27 27 27 27 27 27 27 27 27 27 27 27 24 24 24 24 24 24 24 24 24 24 24 24 24 24 24 
MB 623 ->Up_aval Left_aval All_aval 27 27 27 27 27 27 27 27 27 27 27 27 27 27 27 27 27 27 24 24 24 24 24 24 24 24 24 24 24 24 24 24 24 
MB 624 ->Up_aval Left_aval All_aval 27 27 27 27 27 27 27 27 27 27 27 27 26 26 26 26 26 27 24 24 24 24 24 24 24 24 24 24 24 24 24 24 24 
MB 625 ->Up_aval Left_aval All_aval 26 26 26 25 25 25 25 25 25 24 24 24 24 24 24 24 24 170 24 24 24 24 24 24 24 24 24 24 24 24 24 24 24 
MB 626 ->Up_aval Left_aval All_aval 24 23 24 24 23 23 23 23 23 23 23 23 23 24 24 24 24 170 21 21 21 21 21 21 21 21 21 21 21 21 21 21 21 
MB 627 ->Up_aval Left_aval All_aval 24 25 26 26 26 26 26 25 25 25 25 24 24 24 24 24 24 170 22 21 21 21 21 21 21 21 21 21 21 21 21 21 21 
MB 628 ->Up_aval Left_aval All_aval 24 24 24 24 24 24 24 24 24 24 24 24 24 24 24 24 24 170 22 22 22 22 22 22 22 22 22 22 22 22 22 22 22 
MB 629 ->Up_aval Left_aval All_aval 24 24 24 24 24 24 24 24 23 24 24 24 24 24 24 24 24 170 22 21 21 21 21 21 21 21 21 21 21 21 21 21 21 
MB 630 ->Up_aval Left_aval All_aval 24 24 24 24 24 24 24 24 23 24 24 24 24 24 24 24 24 170 22 22 22 22 22 22 22 22 22 22 22 22 22 22 22 
MB 631 ->Up_aval Left_aval All_aval 24 24 24 24 24 24 24 24 23 24 24 23 23 23 23 23 23 170 21 21 21 21 21 21 21 21 21 21 21 21 21 21 21 
MB 632 ->Up_aval Left_aval All_aval 23 24 23 23 23 23 22 23 22 23 23 23 22 23 23 23 23 170 21 21 21 21 21 21 21 21 21 21 21 21 21 21 21 
MB 633 ->Up_aval Left_aval All_aval 23 22 22 22 23 23 23 23 23 23 23 24 24 23 23 22 23 170 21 20 20 20 20 20 20 20 20 20 20 20 20 20 20 
MB 634 ->Up_aval Left_aval All_aval 23 23 23 23 23 23 22 22 23 22 22 24 24 24 24 23 23 170 21 21 21 21 21 21 21 21 21 21 21 21 21 21 21 
MB 635 ->Up_aval Left_aval All_aval 23 24 24 24 24 23 23 23 23 23 23 23 23 23 23 22 22 170 21 21 21 21 21 21 21 21 21 21 21 21 21 21 21 
MB 636 ->Up_aval Left_aval All_aval 22 22 23 23 23 23 22 23 22 23 23 23 23 23 23 23 23 170 21 21 21 21 21 21 21 21 21 21 21 21 21 21 21 
MB 637 ->Up_aval Left_aval All_aval 23 23 23 22 23 22 22 23 23 23 23 23 23 23 23 23 23 170 21 21 21 21 21 21 21 21 21 21 21 21 21 21 21 
MB 638 ->Up_aval Left_aval All_aval 23 23 23 23 23 24 23 23 24 23 23 23 23 23 23 23 23 170 21 21 21 21 21 21 21 21 21 21 21 21 21 21 21 
MB 639 ->Up_aval Left_aval All_aval 23 23 23 23 23 23 23 23 23 24 24 23 23 23 23 23 23 170 21 21 21 21 21 21 21 21 21 21 21 21 21 21 21 
MB 640 ->Up_aval Left_aval All_aval 23 23 23 24 23 23 23 23 23 23 24 24 23 24 23 24 26 170 21 21 21 21 21 21 21 21 21 21 21 21 21 21 21 
MB 641 ->Up_aval Left_aval All_aval 26 26 26 22 26 26 26 24 25 25 25 25 25 26 26 26 26 170 21 21 21 21 21 21 21 21 21 21 21 21 21 21 21 
MB 642 ->Up_aval Left_aval All_aval 26 25 24 26 26 26 24 26 25 26 26 26 26 26 26 25 23 170 21 20 20 20 20 20 20 20 20 20 20 20 20 20 20 
MB 643 ->Up_aval Left_aval All_aval 23 24 26 26 26 26 26 26 26 26 26 26 26 26 26 26 26 170 20 20 20 20 20 20 20 20 20 20 20 20 20 20 20 
MB 644 ->Up_aval Left_aval All_aval 26 26 26 26 24 24 26 26 24 26 25 23 26 24 21 21 25 170 21 21 21 21 21 21 21 21 21 21 21 21 21 21 21 
MB 645 ->Up_aval Left_aval All_aval 25 21 25 26 25 23 24 19 25 25 25 22 25 26 26 22 24 170 20 20 20 20 20 20 20 20 20 20 20 20 20 20 20 
MB 646 ->Up_aval Left_aval All_aval 24 21 24 21 22 25 25 24 26 26 25 21 24 25 24 23 19 170 20 20 20 20 20 20 20 20 20 20 20 20 20 20 20 
MB 647 ->Up_aval Left_aval All_aval 19 25 18 19 22 23 25 22 21 20 23 21 26 22 20 20 20 170 20 19 19 19 19 19 19 19 19 19 19 19 19 19 19 
MB 648 ->Up_aval Left_aval All_aval 20 20 20 20 21 21 21 21 23 21 22 22 20 22 21 23 21 170 19 19 19 19 19 19 19 19 19 19 19 19 19 19 19 
MB 649 ->Up_aval Left_aval All_aval 21 22 21 23 22 22 22 22 22 22 21 21 21 21 21 21 22 170 20 19 19 19 19 19 19 19 19 19 19 19 19 19 19 
MB 650 ->Up_aval Left_aval All_aval 22 22 22 21 22 22 21 21 22 22 21 22 22 22 22 22 21 170 19 19 19 19 19 19 19 19 19 19 19 19 19 19 19 
MB 651 ->Up_aval Left_aval All_aval 21 23 22 21 21 23 23 23 23 23 23 22 22 23 23 22 23 170 20 20 20 20 20 20 20 20 20 20 20 20 20 20 20 
MB 652 ->Up_aval Left_aval All_aval 23 22 22 23 23 22 23 23 23 23 23 23 22 23 23 24 22 170 21 21 21 21 21 21 21 21 21 21 21 21 21 21 21 
MB 653 ->Up_aval Left_aval All_aval 22 22 23 22 22 23 23 23 23 23 23 23 23 23 23 23 23 170 20 20 20 20 20 20 20 20 20 20 20 20 20 20 20 
MB 654 ->Up_aval Left_aval All_aval 23 23 23 23 23 23 23 24 24 24 24 24 24 24 24 24 24 170 21 20 20 20 20 20 20 20 20 20 20 20 20 20 20 
MB 655 ->Up_aval Left_aval All_aval 24 24 24 24 24 24 24 24 24 24 24 24 24 24 23 24 24 170 21 21 21 21 21 21 21 21 21 21 21 21 21 21 21 
MB 656 ->Up_aval Left_aval All_aval 24 24 24 24 24 24 24 24 24 23 24 24 24 24 24 23 23 170 22 22 22 22 22 22 22 22 22 22 22 22 22 22 22 
MB 657 ->Up_aval Left_aval All_aval 23 23 23 23 23 23 23 23 23 24 24 23 22 23 24 24 24 170 21 21 21 21 21 21 21 21 21 21 21 21 21 21 21 
MB 658 ->Up_aval Left_aval All_aval 24 23 23 23 23 24 24 24 24 23 23 24 24 24 24 25 24 170 21 21 21 21 21 21 21 21 21 21 21 21 21 21 21 
MB 659 ->Up_aval Left_aval All_aval 24 24 24 24 24 24 24 25 25 25 25 25 25 25 25 25 25 170 22 22 22 22 22 22 22 22 22 22 22 22 22 22 22 
MB 660 ->Up_aval Left_aval All_aval 25 25 25 25 25 25 25 25 25 25 25 25 25 25 25 25 25 170 22 22 22 22 22 22 22 22 22 22 22 22 22 22 22 
MB 661 ->Up_aval Left_aval All_aval 25 25 25 25 25 24 24 25 25 25 25 25 24 24 24 24 24 170 22 22 22 22 22 22 22 22 22 22 22 22 22 22 22 
MB 662 ->Up_aval Left_aval All_aval 24 24 24 24 24 24 24 24 24 24 23 24 25 25 25 25 25 170 22 22 22 22 22 22 22 22 22 22 22 22 22 22 22 
MB 663 ->Up_aval Left_aval All_aval 25 25 25 25 25 26 25 26 26 26 26 26 27 27 27 27 27 170 23 23 23 23 23 23 23 23 23 23 23 23 23 23 23 
MB 664 ->Up_aval Left_aval All_aval 27 27 27 27 27 27 27 27 27 27 28 28 29 29 29 29 29 27 24 24 24 24 24 24 24 24 24 24 24 24 24 24 24 
MB 665 ->Up_aval Left_aval All_aval 29 29 29 29 29 29 29 29 29 29 29 29 29 29 29 29 29 29 26 26 26 26 26 26 26 26 26 26 26 26 26 26 26 
MB 666 ->Up_aval Left_aval All_aval 29 29 30 30 30 30 30 30 30 30 30 30 31 30 30 30 30 29 26 26 26 26 26 26 26 26 26 26 26 26 26 26 26 
MB 667 ->Up_aval Left_aval All_aval 30 30 30 30 30 30 30 30 30 30 30 30 30 29 30 30 30 30 27 27 27 27 27 27 27 27 27 27 27 27 27 27 27 
MB 668 ->Up_aval Left_aval All_aval 30 29 30 30 30 30 30 30 29 30 30 29 30 30 30 30 30 29 26 26 26 26 26 26 26 26 26 26 26 26 26 26 26 
MB 669 ->Up_aval Left_aval All_aval 30 30 30 30 30 30 30 30 30 30 30 30 30 30 30 31 31 30 27 27 27 27 27 27 27 27 27 27 27 27 27 27 27 
MB 670 ->Up_aval Left_aval All_aval 31 30 30 30 30 30 30 30 30 29 29 29 29 30 29 29 29 31 170 170 170 170 170 170 170 170 170 170 170 170 170 170 170 
MB 671 ->Up_aval Left_aval All_aval 29 29 30 29 29 29 29 29 30 29 30 29 29 29 29 29 29 29 170 170 170 170 170 170 170 170 170 170 170 170 170 170 170 
MB 672 ->Up_aval Left_aval All_aval 29 30 29 30 30 30 30 29 30 29 29 29 29 30 30 29 30 29 26 26 26 26 26 26 26 26 26 26 26 26 26 26 26 
MB 673 ->Up_aval Left_aval All_aval 30 30 30 30 30 30 30 30 30 30 31 30 30 30 30 30 30 30 26 26 26 26 26 26 26 26 26 26 26 26 26 26 26 
MB 674 ->Up_aval Left_aval All_aval 30 30 30 30 30 30 30 30 30 30 30 30 30 30 30 30 30 30 27 27 27 27 27 27 27 27 27 27 27 27 27 27 27 
MB 675 ->Up_aval Left_aval All_aval 30 30 30 30 30 30 30 30 30 30 30 30 30 30 30 30 30 30 170 29 29 29 29 29 29 29 29 29 29 29 29 29 29 
MB 676 ->Up_aval Left_aval All_aval 30 30 30 30 30 30 30 30 30 30 30 30 30 30 30 30 30 30 170 29 29 29 29 29 29 29 29 29 29 29 29 29 29 
MB 677 ->Up_aval Left_aval All_aval 30 30 30 30 30 30 30 30 30 30 30 30 30 30 30 30 30 30 170 29 29 29 29 29 29 29 29 29 29 29 29 29 29 
