MB 0 -> 128 128 128 128 128 128 128 128 128 128 128 128 128 128 128 128 128 
MB 1 -> 128 128 128 128 128 128 128 128 128 110 110 110 130 139 139 140 140 
MB 2 -> 128 128 128 128 128 128 128 128 128 110 110 110 129 129 129 129 138 
MB 3 -> 128 128 128 128 128 128 128 128 128 110 110 94 93 93 91 92 91 
MB 4 -> 128 128 128 128 128 128 128 128 128 110 110 110 218 214 213 110 215 
MB 5 -> 128 128 128 128 128 128 128 128 128 110 110 150 151 154 150 152 153 
MB 6 -> 128 128 128 128 128 128 128 128 128 110 110 53 68 61 63 62 144 
MB 7 -> 128 128 128 128 128 128 128 128 128 110 110 41 37 37 37 72 165 
MB 8 -> 128 128 128 128 128 128 128 128 128 110 110 59 59 59 197 111 108 
MB 9 -> 128 128 128 128 128 128 128 128 128 110 110 110 221 223 222 201 219 
MB 10 -> 128 128 128 128 128 128 128 128 128 110 110 37 37 231 186 182 180 
MB 11 -> 128 128 128 128 128 128 128 128 128 110 110 37 37 37 37 217 197 
MB 12 -> 128 128 128 128 128 128 128 128 128 110 110 39 39 157 160 157 162 
MB 13 -> 128 128 128 128 128 128 128 128 128 110 110 38 110 144 144 145 145 
MB 14 -> 128 128 128 128 128 128 128 128 128 110 110 39 38 39 39 40 139 
MB 15 -> 128 128 128 128 128 128 128 128 128 110 110 38 38 38 39 38 38 
MB 16 -> 128 128 128 128 128 128 128 128 128 110 110 110 110 110 110 110 110 
MB 17 -> 128 128 128 128 128 128 128 128 128 110 110 110 129 111 113 129 129 
MB 18 -> 128 128 128 128 128 128 128 128 128 110 110 86 74 68 69 86 85 
MB 19 -> 128 128 128 128 128 128 128 128 128 110 110 102 122 106 108 147 107 
MB 20 -> 128 128 128 128 128 128 128 128 128 110 110 110 112 110 110 110 135 
MB 21 -> 128 128 128 128 128 128 128 128 128 110 110 77 73 74 80 201 55 
MB 22 -> 128 128 128 128 128 128 128 128 128 110 110 81 98 91 94 95 94 
MB 23 -> 128 128 128 128 128 128 128 128 128 110 110 54 129 199 197 197 198 
MB 24 -> 128 128 128 128 128 128 128 128 128 110 110 87 85 201 86 199 200 
MB 25 -> 128 128 128 128 128 128 128 128 128 110 110 90 95 200 188 192 186 
MB 26 -> 128 128 128 128 128 128 128 128 128 110 110 110 235 215 225 203 200 
MB 27 -> 128 128 128 128 128 128 128 128 128 110 110 80 108 108 133 204 111 
MB 28 -> 128 128 128 128 128 128 128 128 128 110 110 79 75 74 76 34 34 
MB 29 -> 128 128 128 128 128 128 128 128 128 110 110 139 139 141 141 139 182 
MB 30 -> 128 128 128 128 128 128 128 128 128 110 110 103 111 111 112 163 199 
MB 31 -> 128 128 128 128 128 128 128 128 128 110 110 110 110 112 111 112 107 
MB 32 -> 128 128 128 128 128 128 128 128 128 110 148 147 110 101 180 180 141 
MB 33 -> 128 128 128 128 128 128 128 128 128 110 110 86 87 90 98 100 98 
MB 34 -> 128 128 128 128 128 128 128 128 128 110 110 118 116 125 144 144 144 
MB 35 -> 128 128 128 128 128 128 128 128 128 110 110 110 110 110 110 161 163 
MB 36 -> 128 128 128 128 128 128 128 128 128 110 110 110 131 132 131 131 145 
MB 37 -> 128 128 128 128 128 128 128 128 128 110 110 99 101 101 102 102 100 
MB 38 -> 128 128 128 128 128 128 128 128 128 110 110 110 132 134 134 134 138 
MB 39 -> 128 128 128 128 128 128 128 128 128 110 110 110 40 40 141 140 110 
MB 40 -> 128 128 128 128 128 128 128 128 128 110 110 40 110 142 141 140 141 
MB 41 -> 128 128 128 128 128 128 128 128 128 110 110 110 137 137 136 136 134 
MB 42 -> 128 128 128 128 128 128 128 128 128 110 110 37 110 110 110 110 130 
MB 43 -> 128 128 128 128 128 128 128 128 128 110 110 76 110 110 191 197 200 
MB 44 -> 128 128 128 128 128 128 128 128 128 110 156 156 157 157 63 157 63 
MB 45 -> 128 128 128 128 128 128 128 128 128 110 110 144 168 164 143 167 143 
MB 46 -> 128 128 128 128 128 128 128 128 128 110 110 142 229 221 234 110 129 
MB 47 -> 128 128 128 128 128 128 128 128 128 110 110 110 144 110 110 110 110 
MB 48 -> 128 128 128 128 128 128 128 128 128 110 110 110 133 133 133 133 133 
MB 49 -> 128 128 128 128 128 128 128 128 128 110 110 110 110 110 110 110 110 
MB 50 -> 128 128 128 128 128 128 128 128 128 110 110 110 110 110 110 110 110 
MB 51 -> 128 128 128 128 128 128 128 128 128 110 110 110 110 110 110 110 110 
MB 52 -> 128 128 128 128 128 128 128 128 128 110 110 110 110 110 110 110 110 
MB 53 -> 128 128 128 128 128 128 128 128 128 110 110 110 110 110 110 110 110 
MB 54 -> 128 128 128 128 128 128 128 128 128 110 110 110 110 110 110 110 110 
MB 55 -> 128 128 128 128 128 128 128 128 128 110 110 110 143 143 143 143 141 
MB 56 -> 128 128 128 128 128 128 128 128 128 110 110 110 237 189 178 172 177 
MB 57 -> 128 128 128 128 128 128 128 128 128 110 110 110 229 159 90 71 72 
MB 58 -> 128 128 128 128 128 128 128 128 128 110 110 34 37 37 37 37 37 
MB 59 -> 128 128 128 128 128 128 128 128 128 110 110 39 48 48 48 46 46 
MB 60 -> 128 128 128 128 128 128 128 128 128 110 110 110 68 71 74 74 72 
MB 61 -> 128 128 128 128 128 128 128 128 128 110 110 81 106 97 97 97 97 
MB 62 -> 128 128 128 128 128 128 128 128 128 110 110 105 112 115 114 115 114 
MB 63 -> 128 128 128 128 128 128 128 128 128 110 110 103 125 125 124 125 125 
MB 64 -> 128 128 128 128 128 128 128 128 128 110 140 141 135 135 135 135 135 
MB 65 -> 128 128 128 128 128 128 128 128 128 110 140 110 144 143 143 144 145 
MB 66 -> 128 128 128 128 128 128 128 128 128 110 110 127 151 150 151 151 150 
MB 67 -> 128 128 128 128 128 128 128 128 128 110 151 157 158 157 157 156 161 
MB 68 -> 128 128 128 128 128 128 128 128 128 110 163 163 162 162 163 162 162 
MB 69 -> 128 128 128 128 128 128 128 128 128 110 165 166 166 166 166 166 166 
MB 70 -> 128 128 128 128 128 128 128 128 128 110 147 164 110 164 163 164 164 
MB 71 -> 128 128 128 128 128 128 128 128 128 110 166 161 162 162 161 162 162 
MB 72 -> 128 128 128 128 128 128 128 128 128 110 110 159 160 160 160 160 159 
MB 73 -> 128 128 128 128 128 128 128 128 128 110 164 158 158 158 158 158 158 
MB 74 -> 128 128 128 128 128 128 128 128 128 110 161 158 157 157 157 157 157 
MB 75 -> 128 128 128 128 128 128 128 128 128 110 164 156 156 156 156 156 156 
MB 76 -> 128 128 128 128 128 128 128 128 128 110 155 156 155 155 155 155 155 
MB 77 -> 128 128 128 128 128 128 128 128 128 110 154 155 155 155 154 155 154 
MB 78 -> 128 128 128 128 128 128 128 128 128 110 154 154 154 154 154 154 154 
MB 79 -> 128 128 128 128 128 128 128 128 128 110 153 154 154 154 153 154 154 
MB 80 -> 128 128 128 128 128 128 128 128 128 110 153 154 154 154 153 153 154 
MB 81 -> 128 128 128 128 128 128 128 128 128 110 153 154 154 154 153 154 154 
MB 82 -> 128 128 128 128 128 128 128 128 128 110 154 154 154 154 154 154 154 
MB 83 -> 128 128 128 128 128 128 128 128 128 110 154 155 154 155 154 154 154 
MB 84 -> 128 128 128 128 128 128 128 128 128 110 162 155 155 155 155 155 155 
MB 85 -> 128 128 128 128 128 128 128 128 128 110 161 156 156 156 156 156 156 
MB 86 -> 128 128 128 128 128 128 128 128 128 110 158 157 157 157 156 157 157 
MB 87 -> 128 128 128 128 128 128 128 128 128 110 110 95 158 158 158 159 158 
MB 88 -> 128 128 128 128 128 128 128 128 128 110 159 157 160 160 159 160 160 
MB 89 -> 128 128 128 128 128 128 128 128 128 110 165 165 162 162 162 162 162 
MB 90 -> 128 128 128 128 128 128 128 128 128 110 166 164 110 163 162 164 164 
MB 91 -> 128 128 128 128 128 128 128 128 128 110 154 166 166 165 167 166 166 
MB 92 -> 128 128 128 128 128 128 128 128 128 110 162 161 162 163 163 162 163 
MB 93 -> 128 128 128 128 128 128 128 128 128 110 156 155 156 158 157 156 157 
MB 94 -> 128 128 128 128 128 128 128 128 128 110 110 36 36 151 150 151 150 
MB 95 -> 128 128 128 128 128 128 128 128 128 110 110 113 118 142 142 143 143 
MB 96 -> 128 128 128 128 128 128 128 128 128 110 110 128 122 130 135 135 134 
MB 97 -> 128 128 128 128 128 128 128 128 128 110 110 124 123 123 124 124 123 
MB 98 -> 128 128 128 128 128 128 128 128 128 110 110 113 111 113 112 113 111 
MB 99 -> 128 128 128 128 128 128 128 128 128 110 110 110 88 98 98 98 96 
MB 100 -> 128 128 128 128 128 128 128 128 128 110 110 83 83 67 83 84 69 
MB 101 -> 128 128 128 128 128 128 128 128 128 110 161 110 63 64 40 45 42 
MB 102 -> 128 128 128 128 128 128 128 128 128 110 110 36 37 37 36 37 36 
MB 103 -> 128 128 128 128 128 128 128 128 128 110 110 110 110 110 110 110 83 
MB 104 -> 128 128 128 128 128 128 128 128 128 110 110 110 132 133 132 132 132 
MB 105 -> 128 128 128 128 128 128 128 128 128 110 110 110 130 132 132 134 140 
MB 106 -> 128 128 128 128 128 128 128 128 128 110 110 110 110 110 110 110 221 
MB 107 -> 128 128 128 128 128 128 128 128 128 110 110 110 110 110 110 110 110 
MB 108 -> 128 128 128 128 128 128 128 128 128 110 110 110 110 110 110 110 110 
MB 109 -> 128 128 128 128 128 128 128 128 128 110 110 110 110 110 43 110 110 
MB 110 -> 128 128 128 128 128 128 128 128 128 110 110 110 110 110 110 110 110 
MB 111 -> 128 128 128 128 128 128 128 128 128 110 110 110 110 110 110 110 110 
MB 112 -> 128 128 128 128 128 128 128 128 128 110 110 110 110 110 110 110 110 
MB 113 -> 128 110 110 128 130 130 130 130 140 128 128 128 128 128 128 128 128 
MB 114 -> 140 140 140 140 227 140 140 140 138 139 140 140 139 140 192 230 115 
MB 115 -> 138 129 129 128 128 142 142 91 91 129 138 151 159 164 183 146 120 
MB 116 -> 91 144 144 142 144 35 35 34 215 92 91 92 92 92 92 69 65 
MB 117 -> 215 35 238 224 205 193 182 164 153 213 214 214 212 214 163 47 35 
MB 118 -> 153 143 130 132 133 136 139 60 144 147 145 152 96 89 77 74 77 
MB 119 -> 144 61 53 152 155 157 74 37 165 146 62 148 149 147 65 64 54 
MB 120 -> 165 169 36 174 59 181 183 107 108 167 176 110 177 168 67 110 110 
MB 121 -> 108 70 71 71 110 107 211 216 219 104 109 109 113 110 34 35 110 
MB 122 -> 219 225 228 232 237 240 177 174 180 221 219 219 221 146 110 44 47 
MB 123 -> 180 183 96 98 224 211 203 209 197 179 179 185 120 110 110 64 66 
MB 124 -> 197 193 190 184 180 176 170 166 162 232 232 234 234 234 110 94 110 
MB 125 -> 162 40 40 147 146 153 147 146 145 172 160 110 158 197 110 110 117 
MB 126 -> 145 145 145 144 143 138 40 40 139 144 144 144 220 145 159 160 159 
MB 127 -> 139 139 132 133 110 110 134 110 38 139 139 146 202 206 209 209 207 
MB 128 -> 38 38 110 118 113 110 110 110 110 38 133 142 38 47 227 110 60 
MB 129 -> 110 110 110 128 110 128 128 128 129 110 110 177 175 110 175 42 47 
MB 130 -> 129 129 100 107 95 96 92 89 85 129 129 138 138 55 110 52 110 
MB 131 -> 85 74 141 141 141 83 102 100 107 85 89 92 110 110 110 53 53 
MB 132 -> 107 108 115 113 114 118 106 109 135 110 88 84 110 110 110 88 88 
MB 133 -> 135 110 110 185 186 186 187 210 55 110 198 195 195 193 182 77 69 
MB 134 -> 55 51 50 196 205 200 109 195 94 202 165 207 188 110 110 110 110 
MB 135 -> 94 90 90 91 91 91 92 94 198 91 91 92 90 91 91 91 91 
MB 136 -> 198 198 101 100 86 85 199 199 200 199 96 97 97 71 70 72 72 
MB 137 -> 200 74 78 89 207 186 188 181 186 201 190 189 194 122 122 114 121 
MB 138 -> 186 191 189 187 186 186 189 195 200 182 168 167 165 164 164 92 87 
MB 139 -> 200 174 210 101 91 206 206 111 111 196 171 36 110 110 34 34 63 
MB 140 -> 111 198 119 83 68 49 34 34 34 207 109 175 54 110 110 81 88 
MB 141 -> 34 34 34 35 36 37 37 172 182 34 34 34 34 63 62 110 110 
MB 142 -> 182 141 200 213 183 88 203 203 199 142 141 141 140 140 141 141 141 
MB 143 -> 199 204 205 200 131 104 112 112 107 197 196 110 110 110 110 110 110 
MB 144 -> 107 108 121 119 120 141 141 107 141 123 178 143 240 237 110 110 132 
MB 145 -> 141 179 125 123 117 109 101 97 98 141 141 113 113 113 112 110 113 
MB 146 -> 98 100 103 104 145 145 145 145 144 97 108 97 39 98 62 65 65 
MB 147 -> 144 144 144 144 146 146 155 159 163 144 144 144 110 110 48 51 52 
MB 148 -> 163 160 155 146 146 145 146 145 145 141 110 110 110 110 39 135 136 
MB 149 -> 145 145 144 144 143 133 143 134 100 145 145 37 110 110 101 133 133 
MB 150 -> 100 100 136 164 137 137 138 138 138 101 101 101 101 101 100 101 102 
MB 151 -> 138 110 110 110 110 110 110 131 110 138 139 223 110 110 88 37 71 
MB 152 -> 110 110 110 141 140 140 140 140 141 110 133 110 110 70 73 75 76 
MB 153 -> 141 130 131 130 135 136 136 137 134 130 143 110 110 55 61 68 73 
MB 154 -> 134 136 135 39 39 129 130 130 130 150 147 106 103 48 50 54 56 
MB 155 -> 130 131 130 130 110 110 196 198 200 130 171 170 125 38 39 40 40 
MB 156 -> 200 204 206 208 210 209 202 129 63 201 201 236 234 36 37 38 37 
MB 157 -> 63 156 130 130 130 130 103 130 143 64 156 156 157 157 156 156 37 
MB 158 -> 143 130 131 131 132 193 132 132 129 143 143 146 128 100 87 37 37 
MB 159 -> 129 134 135 110 110 158 157 110 110 110 132 227 210 184 153 43 37 
MB 160 -> 110 110 143 110 110 110 110 110 133 110 133 166 167 196 193 34 59 
MB 161 -> 133 110 110 110 110 110 110 110 110 133 133 133 134 110 173 39 50 
MB 162 -> 110 110 110 110 110 110 110 110 110 110 110 110 110 128 71 38 39 
MB 163 -> 110 110 110 110 110 110 110 110 110 110 110 110 231 220 153 34 38 
MB 164 -> 110 110 110 110 110 110 110 110 110 110 110 110 110 110 151 35 38 
MB 165 -> 110 110 110 110 110 110 110 110 110 110 110 110 110 196 156 35 38 
MB 166 -> 110 110 110 110 110 110 110 110 110 110 110 110 110 199 168 40 36 
MB 167 -> 110 110 110 132 132 134 138 140 141 110 110 110 110 229 140 35 38 
MB 168 -> 141 144 158 174 207 223 218 197 177 143 143 143 110 189 119 36 38 
MB 169 -> 177 162 144 123 119 110 76 87 72 187 190 191 192 160 73 36 39 
MB 170 -> 72 59 51 35 35 35 36 37 37 69 72 74 71 74 56 38 42 
MB 171 -> 37 38 38 39 39 39 40 42 46 37 37 37 37 37 36 39 50 
MB 172 -> 46 46 54 59 60 61 66 68 72 44 43 42 42 43 40 40 54 
MB 173 -> 72 136 78 83 85 86 86 93 97 73 136 136 134 136 136 134 135 
MB 174 -> 97 102 104 106 109 110 111 113 114 98 98 98 98 97 96 98 97 
MB 175 -> 114 115 116 116 119 122 123 123 125 115 115 115 114 114 114 114 115 
MB 176 -> 125 126 127 129 130 132 133 134 135 125 124 124 124 124 124 125 125 
MB 177 -> 135 137 137 139 140 141 142 143 145 135 135 135 135 135 135 135 135 
MB 178 -> 145 146 147 147 148 149 149 150 150 145 144 144 145 145 145 145 144 
MB 179 -> 150 151 152 153 154 155 161 161 161 151 150 150 151 151 151 150 150 
MB 180 -> 161 158 158 159 159 160 161 161 162 161 160 160 160 160 160 159 110 
MB 181 -> 162 163 163 164 164 165 166 166 166 162 162 162 162 162 162 162 162 
MB 182 -> 166 166 166 166 165 165 165 164 164 166 166 166 166 166 166 166 166 
MB 183 -> 164 164 163 163 163 163 162 162 162 164 164 164 164 164 164 164 164 
MB 184 -> 162 162 161 161 161 160 160 160 159 162 162 162 162 162 162 162 162 
MB 185 -> 159 159 159 159 159 159 158 158 158 159 159 159 160 159 159 159 159 
MB 186 -> 158 158 158 158 157 158 157 157 157 158 158 158 159 158 158 158 158 
MB 187 -> 157 157 156 157 157 156 156 156 156 110 157 157 157 157 157 157 157 
MB 188 -> 156 156 156 156 156 155 155 155 155 156 156 156 156 156 156 156 156 
MB 189 -> 155 155 155 155 155 155 154 154 154 155 155 155 155 155 155 155 155 
MB 190 -> 154 154 154 154 154 154 154 154 154 155 155 154 155 155 154 154 154 
MB 191 -> 154 154 154 154 154 154 154 154 154 154 154 154 154 154 154 154 154 
MB 192 -> 154 154 154 154 154 153 153 154 154 154 154 154 154 154 154 154 154 
MB 193 -> 154 153 154 154 154 154 154 154 154 154 154 154 154 154 153 154 154 
MB 194 -> 154 154 154 154 154 154 154 154 154 154 154 154 154 154 154 154 154 
MB 195 -> 154 154 154 154 154 154 154 154 154 154 154 154 154 154 154 154 154 
MB 196 -> 154 154 154 155 155 155 155 155 155 154 154 154 154 154 154 154 154 
MB 197 -> 155 155 155 155 156 156 156 156 156 155 155 155 155 155 155 155 155 
MB 198 -> 156 156 156 156 156 157 156 157 157 156 156 156 156 156 156 156 156 
MB 199 -> 157 157 157 157 157 158 158 158 158 110 157 157 157 157 157 157 157 
MB 200 -> 158 158 158 159 159 159 159 160 160 158 158 158 158 158 158 158 158 
MB 201 -> 160 160 160 161 161 161 161 161 162 160 160 160 160 160 160 160 160 
MB 202 -> 162 162 162 163 163 163 164 164 164 162 162 162 162 162 162 162 162 
MB 203 -> 164 164 165 165 165 166 166 166 166 164 164 164 164 164 164 164 164 
MB 204 -> 166 166 166 165 164 164 163 163 163 166 166 166 166 166 166 166 166 
MB 205 -> 163 161 160 160 159 158 158 157 157 163 162 162 163 163 163 163 162 
MB 206 -> 157 156 155 154 154 153 152 151 150 157 156 156 157 157 156 157 156 
MB 207 -> 150 150 149 148 147 146 145 144 143 150 150 150 150 150 150 150 150 
MB 208 -> 143 142 141 140 139 137 137 136 134 143 142 142 143 142 143 143 142 
MB 209 -> 134 133 132 130 129 127 126 124 123 134 134 133 134 134 134 134 133 
MB 210 -> 123 122 120 119 116 117 114 112 111 124 125 124 124 124 124 125 125 
MB 211 -> 111 110 108 107 107 101 99 98 96 111 111 111 111 110 111 111 111 
MB 212 -> 96 94 90 88 80 78 83 83 69 95 92 92 92 91 92 91 91 
MB 213 -> 69 67 65 61 57 55 158 45 42 83 68 83 83 68 83 83 68 
MB 214 -> 42 40 39 39 39 38 38 37 36 40 40 40 40 40 40 40 39 
MB 215 -> 36 36 35 35 42 138 136 74 83 36 36 36 36 36 36 36 36 
MB 216 -> 83 94 110 110 110 110 138 110 132 83 85 84 89 87 89 72 38 
MB 217 -> 132 132 131 139 139 139 142 141 140 225 222 223 230 228 222 91 43 
MB 218 -> 140 134 132 132 129 110 110 223 221 140 141 141 140 140 228 214 35 
MB 219 -> 221 110 110 110 110 110 110 110 110 110 110 110 110 110 213 210 66 
MB 220 -> 110 110 110 110 110 110 110 110 110 110 110 110 110 110 140 190 83 
MB 221 -> 110 110 110 110 110 110 42 42 110 110 110 110 110 110 110 110 102 
MB 222 -> 110 110 110 110 110 110 110 110 110 110 110 110 110 110 110 110 110 
MB 223 -> 110 110 110 110 110 110 110 110 110 110 110 110 110 110 110 201 98 
MB 224 -> 110 110 110 110 110 110 110 110 110 110 110 110 130 110 110 110 85 
MB 225 -> 110 110 131 110 130 130 130 130 130 110 110 110 110 110 147 110 86 
MB 226 -> 128 100 100 104 107 109 110 113 115 128 128 128 128 128 128 128 128 
MB 227 -> 115 115 120 115 109 107 107 124 120 148 63 35 74 90 86 114 124 
MB 228 -> 120 111 102 96 86 78 72 68 65 115 71 34 43 64 85 115 124 
MB 229 -> 65 58 50 45 38 37 34 34 35 56 54 38 41 63 84 115 126 
MB 230 -> 35 34 34 35 34 35 35 79 77 35 35 35 40 62 82 113 124 
MB 231 -> 77 73 70 68 65 66 62 63 54 76 35 35 40 56 81 112 123 
MB 232 -> 54 54 62 52 61 110 110 36 110 63 56 37 40 53 77 110 121 
MB 233 -> 110 110 110 110 110 110 110 110 110 36 36 35 39 51 74 108 120 
MB 234 -> 110 69 71 70 48 44 42 42 47 110 77 82 83 83 88 109 120 
MB 235 -> 47 48 110 110 110 110 110 110 66 46 90 94 96 98 98 116 119 
MB 236 -> 66 69 97 99 98 100 95 110 110 67 87 99 104 108 110 118 126 
MB 237 -> 110 94 105 106 106 110 110 110 117 104 109 114 116 116 117 119 127 
MB 238 -> 117 40 40 40 139 144 150 154 159 119 115 119 120 123 124 124 129 
MB 239 -> 159 165 219 218 219 219 222 213 207 145 116 124 126 128 129 130 131 
MB 240 -> 207 202 240 110 110 235 58 60 60 123 62 35 129 134 133 132 134 
MB 241 -> 60 61 61 59 58 58 52 50 47 64 67 65 75 137 138 137 138 
MB 242 -> 47 43 40 61 63 110 110 66 110 46 46 70 127 139 141 141 141 
MB 243 -> 110 110 66 66 65 54 52 53 53 71 75 75 75 143 144 144 144 
MB 244 -> 53 139 141 141 140 87 88 88 88 62 50 139 142 146 146 147 148 
MB 245 -> 88 88 88 88 110 45 110 54 69 88 88 87 145 148 149 149 149 
MB 246 -> 69 110 110 95 96 95 110 110 110 87 89 88 149 150 150 150 149 
MB 247 -> 110 85 38 89 39 110 110 69 91 89 90 89 148 150 151 151 149 
MB 248 -> 91 91 91 91 91 92 92 92 72 91 91 144 149 150 150 151 152 
MB 249 -> 72 34 34 122 122 121 122 123 121 72 143 149 150 152 152 151 154 
MB 250 -> 121 123 88 88 88 88 88 88 87 147 144 149 150 151 152 153 154 
MB 251 -> 87 78 72 79 35 34 34 34 63 110 142 149 150 151 152 153 153 
MB 252 -> 63 72 84 86 87 88 88 88 88 57 140 143 149 150 151 151 152 
MB 253 -> 88 87 87 85 82 83 48 110 110 91 91 89 64 106 145 148 149 
MB 254 -> 110 110 110 110 110 110 110 139 141 110 67 134 143 146 146 149 149 
MB 255 -> 141 110 86 84 83 69 78 110 110 141 140 141 147 147 148 148 148 
MB 256 -> 110 135 134 136 133 79 79 79 132 134 138 142 146 145 146 146 147 
MB 257 -> 132 79 128 76 74 110 110 110 113 132 138 142 143 143 144 143 145 
MB 258 -> 113 114 111 68 68 67 66 65 65 136 137 138 139 140 140 140 145 
MB 259 -> 65 123 126 41 43 47 49 52 52 131 133 134 137 137 137 138 144 
MB 260 -> 52 51 50 49 48 47 38 136 136 128 129 130 132 133 133 137 143 
MB 261 -> 136 39 135 135 135 116 40 134 133 135 136 135 135 136 136 136 135 
MB 262 -> 133 133 133 132 132 132 131 132 102 133 134 133 133 133 134 133 133 
MB 263 -> 102 108 100 100 92 39 91 110 71 111 131 132 112 132 131 131 110 
MB 264 -> 71 73 72 75 75 79 72 76 76 98 102 103 107 116 125 134 143 
MB 265 -> 76 75 77 78 78 78 78 76 73 79 89 93 105 114 128 136 145 
MB 266 -> 73 71 69 67 65 64 62 60 56 75 78 90 101 109 130 139 147 
MB 267 -> 56 54 53 52 46 45 42 40 40 57 72 85 98 111 133 141 149 
MB 268 -> 40 39 39 39 39 38 38 38 37 40 55 84 101 114 135 142 162 
MB 269 -> 37 37 37 37 37 37 37 37 37 39 51 88 104 127 159 163 163 
MB 270 -> 37 156 37 36 36 37 37 37 37 156 156 91 156 156 157 157 161 
MB 271 -> 37 37 37 37 37 37 37 37 37 39 76 124 142 149 156 161 165 
MB 272 -> 37 37 38 37 38 38 69 61 59 40 112 124 140 147 152 157 162 
MB 273 -> 59 58 57 58 58 58 55 51 50 74 108 120 125 137 138 143 149 
MB 274 -> 50 50 52 46 45 42 40 39 39 69 94 96 109 120 135 142 149 
MB 275 -> 39 38 38 38 37 38 38 38 38 40 76 94 108 128 135 142 149 
MB 276 -> 38 38 38 37 38 38 38 38 38 40 77 95 109 128 136 142 149 
MB 277 -> 38 37 37 37 38 38 38 38 38 40 75 92 104 128 134 141 149 
MB 278 -> 38 37 38 38 37 38 38 36 36 40 76 93 107 127 134 142 149 
MB 279 -> 36 37 37 38 38 38 38 38 38 40 78 95 108 127 135 142 149 
MB 280 -> 38 38 38 38 38 38 38 38 38 40 81 97 111 128 136 142 149 
MB 281 -> 38 39 39 39 39 39 39 39 39 42 81 98 111 129 137 143 150 
MB 282 -> 39 39 39 39 40 40 42 42 42 47 82 98 111 129 137 144 150 
MB 283 -> 42 42 44 45 45 47 48 49 50 58 83 99 111 129 136 143 150 
MB 284 -> 50 51 52 52 53 53 53 53 54 66 92 107 125 138 143 147 151 
MB 285 -> 54 56 56 57 55 58 62 133 135 71 102 110 120 140 146 152 163 
MB 286 -> 135 135 139 139 139 85 84 90 97 135 131 131 124 137 142 148 157 
MB 287 -> 97 100 104 107 109 111 112 113 115 98 105 117 126 140 144 149 154 
MB 288 -> 115 116 116 117 121 122 123 124 125 115 114 118 127 148 150 151 156 
MB 289 -> 125 126 128 129 130 131 132 134 135 125 124 124 129 142 149 158 159 
MB 290 -> 135 136 137 138 139 141 141 142 144 134 134 134 137 144 149 155 166 
MB 291 -> 144 145 146 147 147 148 149 150 150 145 144 145 145 145 151 155 165 
MB 292 -> 150 151 152 153 153 161 160 160 110 150 150 150 164 150 151 156 166 
MB 293 -> 110 110 160 160 159 160 160 161 162 161 161 161 161 160 161 161 166 
MB 294 -> 162 162 163 163 164 165 165 166 166 162 162 162 162 162 162 161 166 
MB 295 -> 166 166 166 165 165 165 164 164 164 166 166 166 166 166 166 166 166 
MB 296 -> 164 164 164 163 163 163 162 162 162 164 164 164 164 164 164 165 164 
MB 297 -> 162 162 161 161 161 161 160 159 159 162 162 162 162 162 162 162 162 
MB 298 -> 159 159 159 159 158 159 159 158 158 160 159 159 159 159 159 159 160 
MB 299 -> 158 158 158 158 157 157 157 157 157 159 158 158 158 158 158 158 159 
MB 300 -> 157 157 156 157 156 156 156 156 156 158 157 157 157 157 158 157 158 
MB 301 -> 156 156 156 156 155 155 155 155 155 156 156 156 156 156 157 156 157 
MB 302 -> 155 155 155 155 155 155 155 154 154 156 155 155 155 155 156 155 156 
MB 303 -> 154 154 154 154 154 154 154 154 154 155 155 155 154 154 155 155 155 
MB 304 -> 154 154 154 154 154 154 154 154 154 154 154 154 154 154 154 154 154 
MB 305 -> 154 154 154 154 154 154 154 154 154 154 154 154 154 154 154 154 154 
MB 306 -> 154 154 154 154 154 154 154 154 154 154 154 154 154 154 154 154 154 
MB 307 -> 154 154 154 154 154 154 154 154 154 154 154 154 154 154 154 154 154 
MB 308 -> 154 154 154 154 154 154 154 154 154 155 154 154 154 154 154 154 154 
MB 309 -> 154 154 154 155 155 155 155 155 155 154 154 154 154 154 154 154 155 
MB 310 -> 155 155 155 155 156 156 156 156 156 156 155 155 155 155 156 155 156 
MB 311 -> 156 156 156 156 156 156 157 157 157 157 156 156 156 156 157 156 157 
MB 312 -> 157 157 158 157 158 158 158 158 158 157 157 157 157 157 157 157 157 
MB 313 -> 158 158 159 159 159 159 159 160 160 159 158 158 158 158 158 158 159 
MB 314 -> 160 160 161 161 161 161 162 162 162 160 160 160 160 160 160 160 160 
MB 315 -> 162 162 163 163 163 163 164 164 164 162 162 162 162 162 162 162 162 
MB 316 -> 164 165 165 165 166 166 166 166 166 164 164 165 164 164 164 165 164 
MB 317 -> 166 166 165 164 164 163 163 163 162 166 166 166 166 166 166 166 166 
MB 318 -> 162 162 161 159 159 158 158 157 156 162 163 162 162 163 162 162 163 
MB 319 -> 156 155 154 154 153 152 151 150 150 157 156 156 156 156 156 156 158 
MB 320 -> 150 149 148 147 146 145 144 143 142 150 150 150 150 150 150 150 156 
MB 321 -> 142 141 140 140 138 137 136 134 133 142 142 142 142 143 143 149 155 
MB 322 -> 133 133 131 130 130 128 127 125 125 134 133 134 134 134 141 147 153 
MB 323 -> 125 124 122 120 118 116 114 113 111 125 124 124 124 133 139 145 158 
MB 324 -> 111 109 107 105 102 99 97 94 91 110 110 110 112 130 138 145 148 
MB 325 -> 91 89 85 83 81 76 74 84 68 91 92 97 110 130 137 141 147 
MB 326 -> 68 64 59 56 52 48 159 159 39 83 81 90 106 116 154 157 163 
MB 327 -> 39 39 39 38 38 38 37 36 36 40 53 87 98 144 148 152 153 
MB 328 -> 36 36 36 35 35 35 35 35 38 38 48 114 119 134 142 147 153 
MB 329 -> 38 35 35 36 35 35 35 38 43 38 97 100 113 132 135 140 147 
MB 330 -> 43 44 38 37 37 37 37 36 35 40 75 90 103 109 123 130 138 
MB 331 -> 35 35 35 34 38 54 84 91 66 38 39 64 81 96 122 130 138 
MB 332 -> 66 86 98 100 99 59 77 94 83 35 39 65 80 96 122 130 138 
MB 333 -> 83 78 92 92 98 104 106 99 102 35 39 66 84 98 123 130 138 
MB 334 -> 102 89 90 82 81 81 44 112 110 48 38 65 83 97 122 130 138 
MB 335 -> 110 108 107 103 102 100 100 100 98 49 36 66 84 99 123 131 137 
MB 336 -> 98 94 93 92 91 88 87 86 85 48 37 52 72 88 117 128 137 
MB 337 -> 85 84 83 81 79 78 81 84 86 38 37 53 72 88 82 128 137 
MB 338 -> 86 88 92 95 97 98 98 98 98 122 44 53 73 89 84 127 136 
MB 339 -> 128 136 136 136 124 124 124 124 124 128 128 128 128 128 128 128 128 
MB 340 -> 124 124 124 124 124 124 124 124 124 142 146 153 157 163 163 159 110 
MB 341 -> 124 124 124 124 125 125 125 126 126 132 146 153 157 163 163 159 110 
MB 342 -> 126 126 126 125 125 125 125 124 124 133 147 154 158 163 163 158 110 
MB 343 -> 124 124 124 124 124 124 123 123 123 133 148 154 158 164 162 158 110 
MB 344 -> 123 123 122 122 122 122 122 122 121 132 148 156 159 164 162 158 110 
MB 345 -> 121 121 121 120 120 120 120 120 120 131 147 155 159 165 162 158 110 
MB 346 -> 120 120 120 120 120 120 120 119 120 129 146 154 158 164 161 158 110 
MB 347 -> 120 120 120 120 119 120 119 118 119 129 145 153 158 164 161 157 110 
MB 348 -> 119 120 119 121 122 123 124 125 126 129 145 153 157 163 162 157 110 
MB 349 -> 126 126 127 127 126 126 127 127 127 128 145 152 157 163 162 157 110 
MB 350 -> 127 127 127 128 128 129 129 128 129 133 144 152 157 163 162 158 110 
MB 351 -> 129 129 129 129 129 130 130 130 131 135 144 152 157 162 162 158 110 
MB 352 -> 131 131 132 132 132 132 133 133 134 135 144 152 156 163 162 158 110 
MB 353 -> 134 134 134 135 137 137 137 137 138 138 148 152 156 162 162 158 110 
MB 354 -> 138 139 140 139 140 140 141 141 141 140 149 153 156 162 163 158 110 
MB 355 -> 141 142 142 143 143 143 143 144 144 142 150 156 156 162 162 158 110 
MB 356 -> 144 145 145 147 146 147 147 147 148 144 151 157 158 163 162 158 110 
MB 357 -> 148 149 148 149 148 148 148 148 149 149 152 157 160 163 162 158 110 
MB 358 -> 149 150 150 150 151 150 151 150 149 150 153 158 161 163 162 158 110 
MB 359 -> 149 150 152 152 151 153 150 152 149 151 154 159 162 164 162 157 110 
MB 360 -> 149 150 150 151 152 151 152 152 152 152 155 160 162 165 162 157 110 
MB 361 -> 152 153 152 152 153 153 154 154 154 153 155 160 163 166 162 157 110 
MB 362 -> 154 152 153 154 154 152 153 152 154 153 156 160 163 166 161 157 110 
MB 363 -> 154 153 154 154 153 154 155 154 153 154 156 160 164 166 161 157 110 
MB 364 -> 153 153 151 153 152 152 152 152 152 154 157 161 164 166 160 156 110 
MB 365 -> 152 152 153 151 152 151 151 150 149 153 157 161 164 166 160 156 110 
MB 366 -> 149 149 150 143 144 146 147 148 149 153 157 162 164 166 160 156 110 
MB 367 -> 149 149 150 149 150 150 149 149 148 153 157 162 163 166 159 156 110 
MB 368 -> 148 148 148 148 147 147 146 148 147 153 157 162 162 166 159 155 152 
MB 369 -> 147 146 146 145 145 145 145 145 145 153 158 160 164 165 158 155 151 
MB 370 -> 145 144 144 145 144 144 145 145 145 153 157 160 164 164 158 154 151 
MB 371 -> 145 144 144 144 144 144 144 144 144 153 154 161 165 164 157 154 150 
MB 372 -> 144 143 143 143 143 144 143 143 143 151 155 162 166 163 157 153 150 
MB 373 -> 143 143 143 143 143 143 143 136 135 150 157 163 166 163 157 153 150 
MB 374 -> 135 110 135 135 135 135 139 139 133 136 137 164 165 162 156 143 143 
MB 375 -> 133 133 133 133 133 132 132 131 110 134 134 134 110 134 144 142 134 
MB 376 -> 110 142 142 142 142 142 142 143 143 148 160 166 164 161 145 142 140 
MB 377 -> 143 143 143 144 144 144 144 144 145 156 161 166 151 110 144 142 140 
MB 378 -> 145 145 145 146 146 146 146 146 147 157 163 153 150 110 145 142 140 
MB 379 -> 147 147 147 147 148 148 148 149 149 158 158 152 149 110 144 142 141 
MB 380 -> 149 149 149 149 149 162 163 162 162 160 157 153 149 110 145 143 141 
MB 381 -> 162 163 163 163 164 163 163 163 163 160 157 151 150 110 146 143 141 
MB 382 -> 163 163 162 162 162 162 162 162 161 161 156 153 151 110 147 145 144 
MB 383 -> 161 156 158 162 163 163 163 164 165 160 156 154 152 110 150 149 149 
MB 384 -> 165 165 165 166 166 166 165 163 162 163 161 159 157 110 155 152 149 
MB 385 -> 162 158 156 154 151 150 150 150 149 163 164 165 163 160 156 152 149 
MB 386 -> 149 149 149 149 148 149 149 149 149 159 163 165 163 160 155 152 149 
MB 387 -> 149 149 149 149 149 149 149 149 149 159 164 165 163 160 155 152 149 
MB 388 -> 149 149 149 149 149 149 150 149 149 159 163 165 160 160 155 152 149 
MB 389 -> 149 149 149 149 149 149 149 148 149 159 164 165 163 160 155 152 149 
MB 390 -> 149 149 149 149 149 149 149 149 149 156 163 166 163 161 156 153 150 
MB 391 -> 149 149 149 149 146 148 149 149 149 158 163 165 163 160 155 152 150 
MB 392 -> 149 149 149 149 149 149 149 149 149 159 163 165 163 161 156 152 149 
MB 393 -> 149 149 149 150 150 150 150 150 150 158 163 165 163 160 155 152 149 
MB 394 -> 150 150 150 150 150 150 150 150 150 160 164 165 160 110 155 152 149 
MB 395 -> 150 150 150 150 150 150 150 150 150 160 165 164 159 110 155 151 149 
MB 396 -> 150 150 150 150 150 150 151 151 151 160 164 165 159 110 155 151 149 
MB 397 -> 151 152 154 155 158 163 164 164 163 160 165 164 159 110 155 152 149 
MB 398 -> 163 163 162 163 158 157 158 157 157 166 163 160 157 110 153 151 149 
MB 399 -> 157 155 154 154 154 154 154 154 154 166 163 160 156 110 151 148 145 
MB 400 -> 154 155 155 155 155 156 156 156 156 166 165 162 158 110 153 149 146 
MB 401 -> 156 157 157 157 157 158 159 159 159 164 166 160 156 110 151 148 146 
MB 402 -> 159 162 163 163 164 164 165 165 166 165 165 162 155 110 150 148 146 
MB 403 -> 166 166 166 166 166 164 165 165 165 166 165 162 158 110 150 147 145 
MB 404 -> 165 165 165 165 165 165 165 165 166 165 162 161 157 110 144 147 145 
MB 405 -> 166 164 164 163 163 164 166 166 166 165 162 159 157 110 152 144 143 
MB 406 -> 166 161 166 166 160 166 159 166 166 165 162 159 155 110 152 149 142 
MB 407 -> 166 166 166 166 166 166 166 166 166 164 162 159 154 110 152 149 147 
MB 408 -> 166 166 166 166 166 165 164 165 164 164 162 159 155 110 150 149 147 
MB 409 -> 164 164 164 164 163 163 163 162 162 164 162 159 155 110 149 148 147 
MB 410 -> 162 162 162 162 161 161 161 160 160 162 162 159 155 110 150 147 146 
MB 411 -> 160 160 159 159 159 159 159 159 159 160 160 159 155 110 150 146 145 
MB 412 -> 159 159 158 158 158 158 158 158 158 159 159 158 155 110 150 148 145 
MB 413 -> 158 158 157 157 157 157 156 157 157 157 158 157 155 110 150 147 144 
MB 414 -> 157 156 156 156 156 156 156 156 156 156 156 156 154 110 150 147 143 
MB 415 -> 156 156 155 155 155 155 155 155 155 155 156 156 154 110 150 148 144 
MB 416 -> 155 155 155 155 155 155 155 155 154 155 155 155 154 110 150 147 145 
MB 417 -> 154 154 154 154 154 154 154 154 154 154 155 154 154 110 150 147 145 
MB 418 -> 154 154 154 154 154 154 154 154 154 154 154 154 154 110 150 148 145 
MB 419 -> 154 154 154 154 154 154 154 154 154 154 154 154 153 110 150 147 145 
MB 420 -> 154 154 154 154 154 154 154 154 154 154 154 154 154 110 150 148 145 
MB 421 -> 154 155 155 155 154 154 154 154 155 154 155 154 154 110 150 148 145 
MB 422 -> 155 155 155 155 155 155 156 156 156 154 155 154 154 110 150 148 146 
MB 423 -> 156 156 156 156 156 156 156 156 157 155 156 156 154 110 150 148 146 
MB 424 -> 157 156 156 157 157 157 157 158 157 156 156 156 155 110 150 148 146 
MB 425 -> 157 158 158 158 158 158 158 159 159 157 158 157 155 110 151 148 146 
MB 426 -> 159 159 159 159 160 160 160 160 160 158 159 159 155 110 151 148 145 
MB 427 -> 160 161 161 161 161 162 162 162 162 160 161 159 155 110 151 148 145 
MB 428 -> 162 163 163 163 164 163 164 164 164 162 162 160 156 110 152 147 146 
MB 429 -> 164 165 165 165 166 166 166 166 166 164 163 160 156 110 151 148 148 
MB 430 -> 166 166 165 165 164 164 164 164 163 166 163 161 152 110 151 150 148 
MB 431 -> 163 163 163 163 159 158 158 158 158 167 164 161 156 110 153 151 148 
MB 432 -> 158 158 158 157 157 157 157 157 156 166 165 162 157 110 154 151 144 
MB 433 -> 156 156 156 156 156 156 155 155 155 165 165 160 158 110 155 152 145 
MB 434 -> 155 155 155 155 154 154 154 154 153 164 165 163 160 110 155 148 146 
MB 435 -> 153 153 153 162 153 153 161 160 158 163 166 165 151 160 150 147 145 
MB 436 -> 158 151 153 152 151 150 150 149 148 158 163 165 154 110 150 148 146 
MB 437 -> 148 148 148 147 164 147 147 147 147 157 160 160 155 110 152 150 148 
MB 438 -> 147 163 164 163 164 166 164 161 163 164 162 160 157 110 153 150 149 
MB 439 -> 163 163 163 162 158 160 160 158 153 162 162 161 158 110 154 152 150 
MB 440 -> 153 155 156 153 155 154 153 152 153 163 166 164 158 110 156 153 150 
MB 441 -> 153 152 151 150 150 149 148 149 147 159 165 166 163 161 158 155 110 
MB 442 -> 147 145 143 139 140 139 139 138 138 154 156 162 165 165 159 156 110 
MB 443 -> 138 137 135 137 137 137 138 137 138 142 154 160 164 165 159 156 110 
MB 444 -> 138 138 138 137 137 137 135 137 138 143 155 161 164 165 160 156 110 
MB 445 -> 138 138 138 138 138 139 139 139 138 143 154 161 164 165 159 156 110 
MB 446 -> 138 138 138 135 138 138 138 138 138 144 155 161 165 165 159 156 110 
MB 447 -> 138 138 138 138 138 137 137 136 137 143 155 161 164 165 159 156 110 
MB 448 -> 137 138 137 137 137 137 137 137 137 149 155 160 164 165 159 156 110 
MB 449 -> 137 137 137 137 137 137 137 137 137 143 154 160 163 166 110 157 110 
MB 450 -> 137 136 136 136 136 136 136 136 136 143 155 160 164 165 160 156 110 
MB 451 -> 136 136 136 136 136 137 137 137 137 142 146 153 164 165 159 156 110 
MB 452 -> 128 110 110 110 110 110 110 110 110 128 128 128 128 128 128 128 128 
MB 453 -> 110 110 110 110 110 110 110 110 110 150 110 150 147 145 110 143 140 
MB 454 -> 110 110 110 110 110 110 110 110 110 150 110 150 147 145 110 143 141 
MB 455 -> 110 110 110 110 110 110 110 110 110 155 153 150 147 145 143 143 141 
MB 456 -> 110 110 110 110 110 110 110 110 110 155 153 150 147 144 142 110 141 
MB 457 -> 110 110 110 110 110 110 110 110 110 155 153 150 146 144 142 110 141 
MB 458 -> 110 110 110 110 110 110 110 110 110 155 152 149 146 144 142 110 141 
MB 459 -> 110 110 110 110 110 110 110 110 110 154 152 149 146 144 142 110 141 
MB 460 -> 110 110 110 110 110 110 110 110 110 154 152 149 146 144 142 110 140 
MB 461 -> 110 110 110 110 110 110 110 110 110 153 151 149 145 144 142 110 140 
MB 462 -> 110 110 110 110 110 110 110 110 110 151 151 148 145 143 142 110 140 
MB 463 -> 110 110 110 110 110 110 110 110 110 154 151 148 145 143 141 110 140 
MB 464 -> 110 110 110 110 110 110 110 110 110 154 151 148 145 143 141 110 139 
MB 465 -> 110 110 110 110 110 110 110 110 110 154 152 148 144 143 141 110 140 
MB 466 -> 110 110 110 110 110 110 110 110 110 154 152 148 145 143 141 110 139 
MB 467 -> 110 110 110 110 110 110 110 110 110 154 152 148 145 143 141 110 139 
MB 468 -> 110 110 110 110 110 110 110 110 110 154 152 148 145 143 141 110 139 
MB 469 -> 110 110 110 110 110 110 110 110 110 154 152 148 145 143 140 110 139 
MB 470 -> 110 110 110 110 110 110 110 110 110 154 152 148 145 143 141 110 139 
MB 471 -> 110 110 110 110 110 110 110 110 110 154 152 148 145 143 141 110 139 
MB 472 -> 110 110 110 110 110 110 110 110 110 154 152 148 145 143 141 139 139 
MB 473 -> 110 110 110 110 110 110 110 110 110 154 151 149 144 143 140 110 139 
MB 474 -> 110 110 110 110 110 110 110 110 110 154 151 148 144 142 141 139 139 
MB 475 -> 110 110 110 110 110 110 110 110 110 153 151 148 144 142 141 138 138 
MB 476 -> 110 110 110 110 110 110 110 110 110 153 151 148 144 143 140 138 110 
MB 477 -> 110 110 110 110 110 110 110 110 110 150 110 148 144 142 140 138 110 
MB 478 -> 110 110 110 110 110 110 110 110 110 150 110 148 144 142 140 138 110 
MB 479 -> 110 110 110 110 110 110 110 110 110 150 110 147 143 142 139 138 136 
MB 480 -> 110 110 110 110 110 110 152 151 152 150 110 147 143 141 139 137 110 
MB 481 -> 152 151 151 151 151 151 151 151 151 150 110 147 143 141 139 137 110 
MB 482 -> 151 151 151 151 151 151 151 151 151 149 110 146 143 141 139 137 110 
MB 483 -> 151 151 151 151 151 151 150 150 150 149 110 146 143 140 139 137 110 
MB 484 -> 150 150 150 150 150 150 150 150 150 148 110 146 142 140 139 137 136 
MB 485 -> 150 150 150 150 150 150 150 150 150 148 110 145 141 139 137 137 136 
MB 486 -> 150 150 150 149 149 144 143 143 143 147 140 110 137 136 135 134 132 
MB 487 -> 143 142 143 142 142 142 141 141 134 142 140 110 137 136 135 133 132 
MB 488 -> 134 141 141 141 140 141 140 141 140 134 135 110 134 135 134 133 133 
MB 489 -> 140 140 141 140 140 140 139 140 140 139 138 110 136 136 135 133 133 
MB 490 -> 140 139 139 140 139 140 139 140 140 138 137 110 136 136 135 134 132 
MB 491 -> 140 139 139 140 140 140 140 141 141 139 137 110 135 135 134 133 132 
MB 492 -> 141 141 141 141 141 141 141 141 141 139 137 110 136 134 134 133 132 
MB 493 -> 141 141 141 141 141 141 142 142 141 140 138 110 136 135 135 134 133 
MB 494 -> 141 142 142 142 143 143 143 143 144 140 139 110 138 137 137 137 110 
MB 495 -> 144 144 144 145 145 146 146 148 149 143 142 110 142 141 139 137 110 
MB 496 -> 149 149 149 149 149 149 149 149 149 147 110 145 143 141 139 138 136 
MB 497 -> 149 149 149 150 150 149 149 150 149 147 110 146 142 141 139 138 136 
MB 498 -> 149 150 150 150 150 150 150 150 149 148 110 145 142 141 139 138 136 
MB 499 -> 149 150 150 149 150 149 149 149 149 148 110 145 142 141 139 138 110 
MB 500 -> 149 150 149 148 149 149 149 149 149 148 110 145 142 141 139 137 110 
MB 501 -> 149 149 149 149 149 149 149 149 149 147 110 145 142 140 139 137 110 
MB 502 -> 149 149 149 150 150 150 149 149 150 148 110 145 142 141 139 137 110 
MB 503 -> 150 150 149 149 149 149 149 149 150 148 110 146 143 141 139 138 110 
MB 504 -> 150 150 150 150 150 149 149 149 149 148 110 145 142 141 139 138 110 
MB 505 -> 149 150 150 150 150 150 150 149 149 148 110 145 142 141 139 138 110 
MB 506 -> 149 149 150 150 149 149 149 150 149 148 110 146 110 142 140 138 110 
MB 507 -> 149 149 149 149 149 149 149 149 149 148 110 145 142 141 139 138 110 
MB 508 -> 149 149 149 149 149 149 149 149 149 147 110 145 142 140 139 138 110 
MB 509 -> 149 149 149 149 149 149 149 149 149 147 110 145 142 141 139 138 110 
MB 510 -> 149 149 149 149 149 149 149 149 149 147 110 145 142 141 139 138 136 
MB 511 -> 149 149 148 147 146 146 146 146 145 147 110 145 142 141 139 138 136 
MB 512 -> 145 145 145 145 145 145 145 145 146 144 142 110 141 139 138 137 136 
MB 513 -> 146 146 148 148 148 148 147 147 146 143 142 110 139 137 136 135 134 
MB 514 -> 146 145 146 146 146 145 145 145 146 145 143 110 141 140 138 136 134 
MB 515 -> 146 146 145 145 146 146 145 145 145 144 142 110 139 138 137 135 134 
MB 516 -> 145 145 145 145 145 145 145 145 145 143 142 110 139 138 137 135 134 
MB 517 -> 145 145 145 145 145 144 143 143 143 143 141 110 139 137 136 135 134 
MB 518 -> 143 145 143 144 143 144 142 143 142 142 141 110 139 138 136 135 134 
MB 519 -> 142 143 145 147 142 143 145 144 147 142 141 110 139 137 136 134 133 
MB 520 -> 147 146 147 147 147 147 147 147 147 143 141 110 139 137 136 134 133 
MB 521 -> 147 147 147 147 147 147 147 147 147 145 140 110 138 137 136 134 133 
MB 522 -> 147 147 147 147 147 146 146 146 146 145 143 110 139 137 136 134 134 
MB 523 -> 146 146 146 146 146 145 145 145 145 145 143 110 139 137 137 134 133 
MB 524 -> 145 145 145 145 145 145 145 145 145 145 143 110 141 139 136 134 133 
MB 525 -> 145 145 144 144 144 144 144 144 144 144 143 110 141 138 138 134 133 
MB 526 -> 144 144 144 143 143 143 143 143 143 143 143 110 140 139 137 135 133 
MB 527 -> 143 143 143 143 143 145 145 144 144 142 142 110 140 139 138 136 133 
MB 528 -> 144 143 143 145 145 145 144 145 145 142 141 110 140 139 138 136 133 
MB 529 -> 145 145 145 145 145 145 145 145 145 142 141 110 140 139 138 136 135 
MB 530 -> 145 145 145 145 145 145 145 145 145 142 141 110 140 139 138 136 133 
MB 531 -> 145 145 145 145 145 145 145 145 145 141 141 110 140 139 138 136 136 
MB 532 -> 145 145 145 145 145 145 145 145 145 142 141 110 140 139 138 136 132 
MB 533 -> 145 145 145 145 145 145 145 145 145 144 141 110 140 139 137 133 133 
MB 534 -> 145 146 146 144 145 146 144 145 146 144 141 110 140 139 138 129 130 
MB 535 -> 146 145 146 146 146 146 146 145 146 144 141 110 141 139 132 130 131 
MB 536 -> 146 146 146 146 146 146 145 146 146 143 142 110 141 139 138 136 132 
MB 537 -> 146 145 144 144 146 146 146 146 146 143 142 110 141 140 138 133 132 
MB 538 -> 146 146 146 146 145 145 145 145 145 143 143 110 141 132 139 134 132 
MB 539 -> 145 144 145 145 145 145 145 146 145 144 143 110 141 140 139 137 133 
MB 540 -> 145 145 145 146 146 146 146 146 146 145 143 110 141 137 135 134 133 
MB 541 -> 146 147 147 147 147 147 148 148 148 146 144 110 141 140 136 134 133 
MB 542 -> 148 148 148 148 148 148 148 148 148 146 110 144 142 138 136 135 134 
MB 543 -> 148 148 148 148 148 149 149 148 148 146 144 144 138 137 137 135 134 
MB 544 -> 148 148 149 149 143 149 149 143 144 140 140 110 138 138 137 134 133 
MB 545 -> 144 144 148 146 144 145 145 146 145 143 140 110 139 138 137 134 134 
MB 546 -> 145 146 145 144 145 145 145 145 146 143 141 110 139 138 135 135 134 
MB 547 -> 146 146 146 146 145 146 145 145 145 144 141 110 139 139 136 135 135 
MB 548 -> 145 146 145 146 146 147 147 147 146 144 142 110 140 139 137 136 135 
MB 549 -> 146 146 147 147 147 148 148 148 148 145 142 110 141 139 137 134 134 
MB 550 -> 148 148 148 148 148 149 149 148 149 146 143 110 140 139 138 136 135 
MB 551 -> 149 149 149 149 149 149 149 150 150 146 110 144 141 140 139 137 110 
MB 552 -> 150 150 150 150 149 150 150 151 150 148 110 145 142 141 140 110 138 
MB 553 -> 150 150 150 150 110 110 110 110 110 148 110 146 144 143 141 110 139 
MB 554 -> 110 110 110 110 110 110 110 110 110 150 110 148 145 144 142 110 140 
MB 555 -> 110 110 110 110 110 110 110 110 110 151 151 148 144 143 142 110 140 
MB 556 -> 110 110 110 110 110 110 110 110 110 153 151 148 145 143 141 110 140 
MB 557 -> 110 110 110 110 110 110 110 110 110 153 151 148 145 143 142 110 140 
MB 558 -> 110 110 110 110 110 110 110 110 110 150 110 148 145 143 141 110 140 
MB 559 -> 110 110 110 110 110 110 110 110 110 150 110 148 145 143 141 110 140 
MB 560 -> 110 110 110 110 110 110 110 110 110 154 151 148 144 143 141 110 139 
MB 561 -> 110 110 110 110 110 110 110 110 110 153 151 148 145 143 142 110 140 
MB 562 -> 110 110 110 110 110 110 110 110 110 153 151 149 145 143 142 110 140 
MB 563 -> 110 110 110 110 110 110 110 110 110 153 151 151 145 143 141 110 140 
MB 564 -> 110 110 110 110 110 110 110 110 110 151 110 150 147 143 142 110 140 
MB 565 -> 128 140 140 140 140 140 140 140 140 128 128 128 128 128 128 128 128 
MB 566 -> 140 140 140 140 140 140 140 140 141 139 138 138 138 138 138 138 138 
MB 567 -> 141 141 141 141 141 141 141 141 141 138 137 137 137 137 137 137 137 
MB 568 -> 141 141 141 141 141 141 141 141 141 140 137 137 137 137 137 137 137 
MB 569 -> 141 141 141 141 141 141 141 140 141 140 137 137 137 137 137 137 137 
MB 570 -> 141 141 140 140 140 141 140 140 141 139 110 110 110 110 110 110 110 
MB 571 -> 141 141 141 141 141 141 141 141 141 139 110 110 110 110 110 110 110 
MB 572 -> 141 141 141 141 140 140 140 140 140 139 110 110 110 110 110 110 110 
MB 573 -> 140 140 140 140 140 140 140 140 140 139 137 137 137 137 137 137 137 
MB 574 -> 140 140 140 140 140 140 140 140 140 139 136 136 136 136 136 136 136 
MB 575 -> 140 140 140 140 140 140 140 140 140 139 136 136 136 136 136 136 136 
MB 576 -> 140 139 140 140 140 139 139 139 139 138 136 136 136 136 136 136 136 
MB 577 -> 139 139 140 140 140 140 140 140 140 138 136 136 136 136 136 136 136 
MB 578 -> 140 140 140 139 140 139 139 139 139 138 136 136 136 136 136 136 136 
MB 579 -> 139 139 139 139 139 139 139 139 139 138 136 136 136 136 136 136 136 
MB 580 -> 139 139 139 139 139 139 139 139 139 138 136 136 136 136 136 136 136 
MB 581 -> 139 139 139 139 139 139 139 139 139 138 136 136 136 136 136 136 136 
MB 582 -> 139 139 139 139 139 139 139 139 139 138 135 135 135 135 135 135 135 
MB 583 -> 139 139 139 139 139 139 139 139 139 137 135 135 135 135 135 135 135 
MB 584 -> 139 139 139 139 139 139 139 139 139 137 135 135 135 135 135 135 135 
MB 585 -> 139 139 139 139 139 139 139 139 139 137 135 135 135 135 135 135 135 
MB 586 -> 139 139 139 139 139 139 139 110 139 137 135 135 135 135 135 135 135 
MB 587 -> 139 110 110 110 110 138 138 138 138 137 135 135 135 135 135 135 135 
MB 588 -> 138 110 110 138 138 138 110 110 110 137 135 135 135 135 135 135 135 
MB 589 -> 110 110 110 110 110 110 110 110 110 137 135 135 135 135 135 135 135 
MB 590 -> 110 110 110 110 110 110 110 110 110 136 135 135 135 135 135 135 135 
MB 591 -> 110 110 110 110 110 110 110 110 136 136 135 135 135 135 135 135 135 
MB 592 -> 136 110 110 110 136 110 110 110 110 136 134 134 134 134 134 134 134 
MB 593 -> 110 110 110 110 110 110 110 110 110 136 134 134 134 134 134 134 134 
MB 594 -> 110 110 110 110 110 110 136 110 110 136 134 134 134 134 134 134 134 
MB 595 -> 110 110 110 110 110 110 110 110 110 136 134 134 134 134 134 134 134 
MB 596 -> 110 110 110 110 136 110 110 136 136 136 134 134 134 134 134 134 134 
MB 597 -> 136 136 136 135 135 136 136 136 136 136 134 134 134 134 134 134 134 
MB 598 -> 136 135 133 133 133 131 132 132 132 110 133 133 133 133 133 133 133 
MB 599 -> 132 133 133 133 133 133 133 133 132 110 131 131 131 131 131 131 131 
MB 600 -> 132 133 133 133 133 133 133 133 133 110 131 131 131 131 131 131 131 
MB 601 -> 133 133 133 133 132 133 132 132 133 110 131 131 131 131 131 131 131 
MB 602 -> 133 132 132 132 133 133 133 133 132 110 131 131 131 131 131 131 131 
MB 603 -> 132 133 133 133 133 133 133 132 132 110 131 131 131 131 131 131 131 
MB 604 -> 132 132 132 133 133 132 133 133 132 110 131 131 131 131 131 131 131 
MB 605 -> 132 133 132 132 132 133 133 133 133 110 131 131 131 131 131 131 131 
MB 606 -> 133 133 134 134 135 135 136 136 110 110 133 133 133 133 133 133 133 
MB 607 -> 110 136 136 110 136 136 110 110 110 136 134 134 134 134 134 134 134 
MB 608 -> 110 110 110 110 110 110 110 110 136 136 134 134 134 134 134 134 134 
MB 609 -> 136 136 110 110 110 136 110 136 136 136 134 134 134 134 134 134 134 
MB 610 -> 136 136 110 110 110 110 110 110 136 136 134 134 134 134 134 134 134 
MB 611 -> 136 110 110 110 110 110 110 110 110 136 134 134 134 134 134 134 134 
MB 612 -> 110 110 110 139 110 110 110 110 110 136 135 135 135 135 135 135 135 
MB 613 -> 110 136 136 110 110 136 110 110 110 136 134 134 134 134 134 134 134 
MB 614 -> 110 136 136 136 136 136 136 110 110 136 134 134 134 134 134 134 134 
MB 615 -> 110 110 110 136 110 110 110 110 110 136 134 134 134 134 134 134 134 
MB 616 -> 110 110 110 110 110 110 110 110 110 136 134 134 134 134 134 134 134 
MB 617 -> 110 110 110 110 110 110 110 110 110 136 134 134 134 134 134 134 134 
MB 618 -> 110 110 110 110 110 110 110 110 110 136 134 134 134 134 134 134 134 
MB 619 -> 110 110 139 110 110 110 110 110 110 137 134 134 134 134 134 134 134 
MB 620 -> 110 110 110 110 110 136 136 136 110 136 135 135 135 135 135 135 135 
MB 621 -> 110 110 110 136 110 110 110 110 110 136 134 134 134 134 134 134 134 
MB 622 -> 110 110 110 110 110 110 110 136 136 136 134 134 134 134 134 134 134 
MB 623 -> 136 110 110 110 136 110 136 110 136 136 134 134 134 134 134 134 134 
MB 624 -> 136 110 136 136 136 136 136 136 136 136 134 134 134 134 134 134 134 
MB 625 -> 136 136 135 135 135 134 134 134 134 110 134 134 134 134 134 134 134 
MB 626 -> 134 133 134 133 133 133 134 133 134 110 132 132 132 132 132 132 132 
MB 627 -> 134 135 135 135 135 135 134 134 134 110 132 132 132 132 132 132 132 
MB 628 -> 134 134 134 134 134 134 134 134 134 110 132 132 132 132 132 132 132 
MB 629 -> 134 134 134 134 134 134 134 134 134 110 133 133 133 133 133 133 133 
MB 630 -> 134 134 134 134 134 134 134 134 134 110 133 133 133 133 133 133 133 
MB 631 -> 134 134 134 134 133 134 133 133 133 110 132 132 132 132 132 132 132 
MB 632 -> 133 133 133 133 133 133 133 132 133 110 132 132 132 132 132 132 132 
MB 633 -> 133 133 133 133 134 133 134 133 133 110 131 131 131 131 131 131 131 
MB 634 -> 133 133 133 133 133 132 134 134 134 110 131 131 131 131 131 131 131 
MB 635 -> 134 134 134 133 133 133 133 133 133 110 132 132 132 132 132 132 132 
MB 636 -> 133 133 133 133 133 133 133 133 133 110 132 132 132 132 132 132 132 
MB 637 -> 133 133 133 133 133 133 133 133 133 110 131 131 131 131 131 131 131 
MB 638 -> 133 133 133 133 134 133 133 133 133 110 132 132 132 132 132 132 132 
MB 639 -> 133 133 133 133 133 133 133 133 133 110 131 131 131 131 131 131 131 
MB 640 -> 133 133 134 133 133 133 133 134 133 110 131 131 131 131 131 131 131 
MB 641 -> 133 135 133 135 134 135 135 135 135 110 132 132 132 132 132 132 132 
MB 642 -> 135 135 134 134 135 135 135 135 133 110 131 131 131 131 131 131 131 
MB 643 -> 133 134 136 136 135 135 136 135 136 110 131 131 131 131 131 131 131 
MB 644 -> 136 135 135 134 135 134 134 132 132 110 132 132 132 132 132 132 132 
MB 645 -> 132 130 135 134 132 135 133 135 133 110 131 131 131 131 131 131 131 
MB 646 -> 133 132 132 133 134 135 132 134 130 110 131 131 131 131 131 131 131 
MB 647 -> 130 129 130 133 132 131 132 132 131 110 131 131 131 131 131 131 131 
MB 648 -> 131 131 131 132 132 132 132 131 132 110 130 130 130 130 130 130 130 
MB 649 -> 132 131 132 132 133 132 132 132 132 110 130 130 130 130 130 130 130 
MB 650 -> 132 133 132 132 132 133 132 132 132 110 130 130 130 130 130 130 130 
MB 651 -> 132 132 132 132 133 133 133 133 133 110 131 131 131 131 131 131 131 
MB 652 -> 133 133 133 133 133 133 133 133 133 110 132 132 132 132 132 132 132 
MB 653 -> 133 133 133 133 133 133 133 133 133 110 132 132 132 132 132 132 132 
MB 654 -> 133 133 133 133 133 134 134 134 134 110 131 131 131 131 131 131 131 
MB 655 -> 134 134 134 134 134 134 134 133 134 110 132 132 132 132 132 132 132 
MB 656 -> 134 134 134 134 134 134 134 134 133 110 133 133 133 133 133 133 133 
MB 657 -> 133 133 133 133 133 134 132 133 134 110 132 132 132 132 132 132 132 
MB 658 -> 134 133 133 133 134 133 134 134 134 110 132 132 132 132 132 132 132 
MB 659 -> 134 134 134 134 135 135 135 135 135 110 133 133 133 133 133 133 133 
MB 660 -> 135 135 135 135 135 135 135 135 135 110 133 133 133 133 133 133 133 
MB 661 -> 135 135 135 134 135 135 135 134 134 110 132 132 132 132 132 132 132 
MB 662 -> 134 134 134 134 134 133 134 135 135 110 133 133 133 133 133 133 133 
MB 663 -> 135 135 135 135 135 136 136 136 110 110 133 133 133 133 133 133 133 
MB 664 -> 110 110 110 110 110 110 110 110 138 136 134 134 134 134 134 134 134 
MB 665 -> 138 139 139 139 139 139 139 139 139 138 136 136 136 136 136 136 136 
MB 666 -> 139 139 140 140 139 140 140 140 140 138 136 136 136 136 136 136 136 
MB 667 -> 140 140 140 139 140 140 140 140 140 139 136 136 136 136 136 136 136 
MB 668 -> 140 140 140 140 140 140 140 140 140 138 136 136 136 136 136 136 136 
MB 669 -> 140 140 139 139 140 140 140 140 140 138 136 136 136 136 136 136 136 
MB 670 -> 140 110 140 140 140 140 140 140 140 139 110 110 110 110 110 110 110 
MB 671 -> 140 140 140 140 140 140 140 140 140 138 110 110 110 110 110 110 110 
MB 672 -> 140 140 140 140 140 140 140 140 139 138 136 136 136 136 136 136 136 
MB 673 -> 139 139 140 140 140 141 140 140 140 138 136 136 136 136 136 136 136 
MB 674 -> 140 140 140 140 140 140 140 140 140 139 137 137 137 137 137 137 137 
MB 675 -> 140 140 140 140 140 140 140 140 140 139 138 138 138 138 138 138 138 
MB 676 -> 140 140 140 140 140 140 140 110 140 139 138 138 138 138 138 138 138 
MB 677 -> 140 140 140 140 140 140 140 140 140 139 138 138 138 138 138 138 138 
