MB 0 -> 128 128 128 128 128 128 128 128 128 128 128 128 128 128 128 128 128 
MB 1 -> 128 128 128 128 128 128 128 128 128 113 113 113 116 59 57 56 56 
MB 2 -> 128 128 128 128 128 128 128 128 128 113 113 113 124 123 123 123 69 
MB 3 -> 128 128 128 128 128 128 128 128 128 113 113 61 61 61 61 61 61 
MB 4 -> 128 128 128 128 128 128 128 128 128 113 113 113 73 70 69 113 70 
MB 5 -> 128 128 128 128 128 128 128 128 128 113 113 120 120 119 121 120 119 
MB 6 -> 128 128 128 128 128 128 128 128 128 113 113 56 58 57 57 57 123 
MB 7 -> 128 128 128 128 128 128 128 128 128 113 113 55 54 54 54 59 115 
MB 8 -> 128 128 128 128 128 128 128 128 128 113 113 57 57 57 105 64 63 
MB 9 -> 128 128 128 128 128 128 128 128 128 113 113 113 97 96 96 103 97 
MB 10 -> 128 128 128 128 128 128 128 128 128 113 113 106 110 93 108 110 111 
MB 11 -> 128 128 128 128 128 128 128 128 128 113 113 101 98 96 97 72 56 
MB 12 -> 128 128 128 128 128 128 128 128 128 113 113 135 143 25 27 25 29 
MB 13 -> 128 128 128 128 128 128 128 128 128 113 113 112 113 29 27 20 20 
MB 14 -> 128 128 128 128 128 128 128 128 128 113 113 134 126 143 136 146 62 
MB 15 -> 128 128 128 128 128 128 128 128 128 113 113 125 126 125 127 125 128 
MB 16 -> 128 128 128 128 128 128 128 128 128 113 113 113 113 113 113 113 113 
MB 17 -> 128 128 128 128 128 128 128 128 128 113 113 113 123 64 64 123 123 
MB 18 -> 128 128 128 128 128 128 128 128 128 113 113 60 59 58 58 60 60 
MB 19 -> 128 128 128 128 128 128 128 128 128 113 113 62 130 63 63 121 63 
MB 20 -> 128 128 128 128 128 128 128 128 128 113 113 113 64 113 113 113 125 
MB 21 -> 128 128 128 128 128 128 128 128 128 113 113 59 59 59 60 103 56 
MB 22 -> 128 128 128 128 128 128 128 128 128 113 113 60 62 61 61 62 61 
MB 23 -> 128 128 128 128 128 128 128 128 128 113 113 56 128 58 56 56 57 
MB 24 -> 128 128 128 128 128 128 128 128 128 113 113 60 60 59 60 58 59 
MB 25 -> 128 128 128 128 128 128 128 128 128 113 113 61 62 104 108 106 109 
MB 26 -> 128 128 128 128 128 128 128 128 128 113 113 113 86 70 79 103 104 
MB 27 -> 128 128 128 128 128 128 128 128 128 113 113 60 63 63 126 103 64 
MB 28 -> 128 128 128 128 128 128 128 128 128 113 113 59 59 59 59 56 56 
MB 29 -> 128 128 128 128 128 128 128 128 128 113 113 218 218 217 217 218 45 
MB 30 -> 128 128 128 128 128 128 128 128 128 113 113 62 64 64 64 116 104 
MB 31 -> 128 128 128 128 128 128 128 128 128 113 113 63 63 64 63 64 63 
MB 32 -> 128 128 128 128 128 128 128 128 128 113 212 213 113 62 110 111 46 
MB 33 -> 128 128 128 128 128 128 128 128 128 113 113 60 60 61 62 62 62 
MB 34 -> 128 128 128 128 128 128 128 128 128 113 113 64 64 129 27 27 27 
MB 35 -> 128 128 128 128 128 128 128 128 128 113 113 113 113 113 113 28 29 
MB 36 -> 128 128 128 128 128 128 128 128 128 113 113 113 112 104 108 112 24 
MB 37 -> 128 128 128 128 128 128 128 128 128 113 113 227 230 229 231 231 228 
MB 38 -> 128 128 128 128 128 128 128 128 128 113 113 113 102 93 90 92 67 
MB 39 -> 128 128 128 128 128 128 128 128 128 113 113 113 156 154 46 51 113 
MB 40 -> 128 128 128 128 128 128 128 128 128 113 113 146 113 42 48 52 48 
MB 41 -> 128 128 128 128 128 128 128 128 128 113 113 113 73 74 81 79 90 
MB 42 -> 128 128 128 128 128 128 128 128 128 113 113 95 113 113 113 113 114 
MB 43 -> 128 128 128 128 128 128 128 128 128 113 113 59 113 113 52 57 59 
MB 44 -> 128 128 128 128 128 128 128 128 128 113 179 178 180 180 58 180 57 
MB 45 -> 128 128 128 128 128 128 128 128 128 113 113 123 115 116 38 115 37 
MB 46 -> 128 128 128 128 128 128 128 128 128 113 113 123 94 97 92 113 124 
MB 47 -> 128 128 128 128 128 128 128 128 128 113 113 113 30 113 113 113 113 
MB 48 -> 128 128 128 128 128 128 128 128 128 113 113 113 98 98 98 98 97 
MB 49 -> 128 128 128 128 128 128 128 128 128 113 113 113 113 113 113 113 113 
MB 50 -> 128 128 128 128 128 128 128 128 128 113 113 113 113 113 113 113 113 
MB 51 -> 128 128 128 128 128 128 128 128 128 113 113 113 113 113 113 113 113 
MB 52 -> 128 128 128 128 128 128 128 128 128 113 113 113 113 113 113 113 113 
MB 53 -> 128 128 128 128 128 128 128 128 128 113 113 113 113 113 113 113 113 
MB 54 -> 128 128 128 128 128 128 128 128 128 113 113 113 113 113 113 113 113 
MB 55 -> 128 128 128 128 128 128 128 128 128 113 113 113 34 35 33 37 45 
MB 56 -> 128 128 128 128 128 128 128 128 128 113 113 113 88 108 111 113 112 
MB 57 -> 128 128 128 128 128 128 128 128 128 113 113 113 94 26 61 58 59 
MB 58 -> 128 128 128 128 128 128 128 128 128 113 113 54 99 107 108 108 111 
MB 59 -> 128 128 128 128 128 128 128 128 128 113 113 137 167 167 166 165 164 
MB 60 -> 128 128 128 128 128 128 128 128 128 113 113 113 190 194 197 197 195 
MB 61 -> 128 128 128 128 128 128 128 128 128 113 113 205 236 225 224 224 225 
MB 62 -> 128 128 128 128 128 128 128 128 128 113 113 234 238 237 237 236 237 
MB 63 -> 128 128 128 128 128 128 128 128 128 113 113 231 229 229 229 228 229 
MB 64 -> 128 128 128 128 128 128 128 128 128 113 218 217 222 222 222 221 221 
MB 65 -> 128 128 128 128 128 128 128 128 128 113 218 113 215 215 215 215 214 
MB 66 -> 128 128 128 128 128 128 128 128 128 113 113 227 209 210 210 209 210 
MB 67 -> 128 128 128 128 128 128 128 128 128 113 209 205 205 205 206 206 188 
MB 68 -> 128 128 128 128 128 128 128 128 128 113 200 201 201 201 201 202 201 
MB 69 -> 128 128 128 128 128 128 128 128 128 113 196 197 198 198 197 198 198 
MB 70 -> 128 128 128 128 128 128 128 128 128 113 213 193 113 193 192 194 193 
MB 71 -> 128 128 128 128 128 128 128 128 128 113 198 189 190 190 189 190 189 
MB 72 -> 128 128 128 128 128 128 128 128 128 113 113 185 186 186 185 187 185 
MB 73 -> 128 128 128 128 128 128 128 128 128 113 193 183 183 183 183 184 183 
MB 74 -> 128 128 128 128 128 128 128 128 128 113 189 182 181 181 180 181 181 
MB 75 -> 128 128 128 128 128 128 128 128 128 113 200 180 179 179 178 180 179 
MB 76 -> 128 128 128 128 128 128 128 128 128 113 177 178 177 177 177 178 177 
MB 77 -> 128 128 128 128 128 128 128 128 128 113 176 177 176 176 175 177 176 
MB 78 -> 128 128 128 128 128 128 128 128 128 113 175 176 176 176 175 175 175 
MB 79 -> 128 128 128 128 128 128 128 128 128 113 174 175 175 175 174 175 175 
MB 80 -> 128 128 128 128 128 128 128 128 128 113 174 175 175 175 174 174 175 
MB 81 -> 128 128 128 128 128 128 128 128 128 113 174 175 175 175 174 175 175 
MB 82 -> 128 128 128 128 128 128 128 128 128 113 175 176 175 175 175 175 175 
MB 83 -> 128 128 128 128 128 128 128 128 128 113 176 176 176 176 176 176 175 
MB 84 -> 128 128 128 128 128 128 128 128 128 113 190 177 177 178 177 178 177 
MB 85 -> 128 128 128 128 128 128 128 128 128 113 188 179 179 179 178 180 179 
MB 86 -> 128 128 128 128 128 128 128 128 128 113 183 181 181 181 180 181 181 
MB 87 -> 128 128 128 128 128 128 128 128 128 113 113 222 183 183 183 184 183 
MB 88 -> 128 128 128 128 128 128 128 128 128 113 203 206 186 186 185 187 186 
MB 89 -> 128 128 128 128 128 128 128 128 128 113 196 195 190 190 189 190 190 
MB 90 -> 128 128 128 128 128 128 128 128 128 113 198 200 113 192 190 194 194 
MB 91 -> 128 128 128 128 128 128 128 128 128 113 207 197 197 196 198 199 198 
MB 92 -> 128 128 128 128 128 128 128 128 128 113 201 202 201 200 201 201 201 
MB 93 -> 128 128 128 128 128 128 128 128 128 113 206 207 206 204 206 206 206 
MB 94 -> 128 128 128 128 128 128 128 128 128 113 113 88 85 210 210 210 210 
MB 95 -> 128 128 128 128 128 128 128 128 128 113 113 238 234 216 216 215 215 
MB 96 -> 128 128 128 128 128 128 128 128 128 113 113 227 231 225 221 222 222 
MB 97 -> 128 128 128 128 128 128 128 128 128 113 113 229 230 230 229 229 230 
MB 98 -> 128 128 128 128 128 128 128 128 128 113 113 238 239 238 238 238 239 
MB 99 -> 128 128 128 128 128 128 128 128 128 113 113 113 213 226 226 226 224 
MB 100 -> 128 128 128 128 128 128 128 128 128 113 113 208 208 189 208 210 192 
MB 101 -> 128 128 128 128 128 128 128 128 128 113 188 113 57 57 155 163 160 
MB 102 -> 128 128 128 128 128 128 128 128 128 113 113 54 54 54 54 54 90 
MB 103 -> 128 128 128 128 128 128 128 128 128 113 113 113 113 113 113 113 60 
MB 104 -> 128 128 128 128 128 128 128 128 128 113 113 113 103 98 103 102 103 
MB 105 -> 128 128 128 128 128 128 128 128 128 113 113 113 115 106 104 91 55 
MB 106 -> 128 128 128 128 128 128 128 128 128 113 113 113 113 113 113 113 75 
MB 107 -> 128 128 128 128 128 128 128 128 128 113 113 113 113 113 113 113 113 
MB 108 -> 128 128 128 128 128 128 128 128 128 113 113 113 113 113 113 113 113 
MB 109 -> 128 128 128 128 128 128 128 128 128 113 113 113 113 113 161 113 113 
MB 110 -> 128 128 128 128 128 128 128 128 128 113 113 113 113 113 113 113 113 
MB 111 -> 128 128 128 128 128 128 128 128 128 113 113 113 113 113 113 113 113 
MB 112 -> 128 128 128 128 128 128 128 128 128 113 113 113 113 113 113 113 113 
MB 113 -> 128 113 113 125 116 113 114 114 56 128 128 128 128 128 128 128 128 
MB 114 -> 56 54 53 53 95 56 56 57 69 59 54 57 59 53 52 83 64 
MB 115 -> 69 124 124 126 127 39 41 61 61 124 67 20 26 30 45 122 65 
MB 116 -> 61 30 30 39 29 62 61 60 70 61 61 61 61 61 61 58 58 
MB 117 -> 70 59 91 96 102 106 110 116 119 69 70 70 68 70 116 55 61 
MB 118 -> 119 123 127 127 126 125 124 57 123 121 122 120 62 61 59 59 59 
MB 119 -> 123 57 56 120 119 118 59 54 115 122 57 121 121 121 58 57 56 
MB 120 -> 115 114 54 112 57 110 109 63 63 115 112 113 112 114 58 113 113 
MB 121 -> 63 192 194 193 113 63 100 98 97 63 63 63 64 113 54 54 113 
MB 122 -> 97 95 94 93 91 90 112 112 111 97 97 97 97 122 113 55 55 
MB 123 -> 111 110 223 226 96 100 103 101 56 111 111 109 131 113 113 57 58 
MB 124 -> 56 53 50 46 43 40 35 32 29 93 93 92 92 92 113 61 113 
MB 125 -> 29 150 148 17 18 22 17 18 20 36 27 113 26 57 113 113 64 
MB 126 -> 20 22 24 27 37 63 148 150 62 28 28 28 74 21 118 117 117 
MB 127 -> 62 61 101 97 113 113 93 113 128 62 59 17 60 63 66 66 64 
MB 128 -> 128 126 113 64 64 113 113 113 113 125 94 42 125 166 80 113 182 
MB 129 -> 113 113 113 128 113 128 126 125 123 113 113 111 112 113 112 160 166 
MB 130 -> 123 122 62 63 61 62 61 61 60 123 123 69 68 174 113 172 113 
MB 131 -> 60 59 217 217 217 60 62 62 63 60 61 61 113 113 113 56 56 
MB 132 -> 63 63 64 64 64 64 63 63 125 63 61 209 113 113 113 214 214 
MB 133 -> 125 113 113 47 47 48 48 100 56 63 104 106 106 106 110 201 58 
MB 134 -> 56 56 56 105 102 104 63 55 61 103 116 102 49 113 113 113 113 
MB 135 -> 61 217 217 217 218 218 61 61 57 218 218 219 217 217 217 218 218 
MB 136 -> 57 57 62 62 60 60 58 58 59 58 62 62 62 194 193 195 195 
MB 137 -> 59 59 59 61 102 109 108 110 109 59 107 107 106 231 231 237 232 
MB 138 -> 109 107 107 108 108 108 108 106 104 110 114 115 115 116 116 61 213 
MB 139 -> 104 38 100 62 61 102 102 64 64 105 113 54 113 113 54 54 184 
MB 140 -> 64 104 65 60 58 56 56 57 56 101 63 112 56 113 113 206 213 
MB 141 -> 56 55 54 54 54 54 54 36 45 56 56 56 55 185 183 113 113 
MB 142 -> 45 217 104 99 110 61 103 103 104 216 217 217 217 217 217 217 217 
MB 143 -> 104 103 102 104 110 63 64 64 63 105 105 113 113 113 113 113 113 
MB 144 -> 63 63 131 131 131 50 48 63 46 130 41 37 90 91 113 113 223 
MB 145 -> 46 111 129 65 64 63 62 62 62 46 124 238 238 238 238 240 238 
MB 146 -> 62 62 62 63 23 24 24 26 27 62 63 62 140 62 183 187 186 
MB 147 -> 27 28 28 27 20 19 23 27 29 27 27 27 113 113 166 170 171 
MB 148 -> 29 27 23 19 20 20 19 24 24 124 113 113 113 113 138 141 142 
MB 149 -> 24 25 29 29 33 95 37 88 228 23 23 100 113 113 230 137 138 
MB 150 -> 228 228 80 30 74 72 68 66 67 230 230 229 230 230 229 230 231 
MB 151 -> 67 113 113 113 113 113 113 111 113 67 63 77 113 113 214 99 194 
MB 152 -> 113 113 113 47 51 52 53 52 48 113 99 113 113 192 196 198 200 
MB 153 -> 48 113 112 113 82 78 77 72 90 114 37 113 113 175 182 191 196 
MB 154 -> 90 81 83 141 139 119 117 116 114 120 121 63 63 167 169 174 177 
MB 155 -> 114 112 114 118 113 113 55 57 59 114 113 114 129 110 145 150 152 
MB 156 -> 59 61 63 65 66 66 61 121 57 59 59 92 92 81 108 112 111 
MB 157 -> 57 178 117 116 115 114 62 117 37 57 180 180 180 182 180 178 106 
MB 158 -> 37 113 112 106 106 106 104 103 124 38 37 16 128 62 60 54 99 
MB 159 -> 124 88 86 113 113 25 24 113 113 113 106 80 100 109 120 55 108 
MB 160 -> 113 113 32 113 113 113 113 113 97 113 96 32 33 55 106 55 180 
MB 161 -> 97 113 113 113 113 113 113 113 113 98 98 95 89 113 113 144 169 
MB 162 -> 113 113 113 113 113 113 113 113 113 113 113 113 113 128 58 114 127 
MB 163 -> 113 113 113 113 113 113 113 113 113 113 113 113 84 97 120 62 112 
MB 164 -> 113 113 113 113 113 113 113 113 113 113 113 113 113 113 120 63 117 
MB 165 -> 113 113 113 113 113 113 113 113 113 113 113 113 113 56 119 61 114 
MB 166 -> 113 113 113 113 113 113 113 113 113 113 113 113 113 58 114 54 90 
MB 167 -> 113 113 113 101 101 89 68 57 45 113 113 113 113 81 124 70 119 
MB 168 -> 45 32 25 38 64 77 98 105 112 35 35 34 113 108 65 84 127 
MB 169 -> 112 116 123 65 65 63 59 61 59 108 107 107 107 117 59 90 134 
MB 170 -> 59 57 56 62 73 77 93 101 111 58 59 59 58 59 56 123 159 
MB 171 -> 111 118 124 134 135 143 149 160 164 104 107 99 95 96 94 132 169 
MB 172 -> 164 165 174 180 181 183 188 190 195 162 161 160 159 161 158 156 174 
MB 173 -> 195 221 202 208 211 212 212 220 225 196 220 221 222 220 220 222 222 
MB 174 -> 225 230 233 235 239 240 239 238 237 226 226 226 226 225 224 226 225 
MB 175 -> 237 236 235 235 233 231 230 230 229 237 236 237 237 237 237 237 237 
MB 176 -> 229 228 227 226 225 224 223 222 221 229 229 229 229 229 229 229 229 
MB 177 -> 221 220 220 219 218 217 216 216 214 221 222 222 222 222 222 221 222 
MB 178 -> 214 213 213 212 212 212 211 210 210 214 214 215 214 214 214 214 214 
MB 179 -> 210 209 209 208 207 207 188 188 188 210 210 210 210 210 210 210 210 
MB 180 -> 188 205 204 203 203 203 202 202 201 188 186 185 186 185 187 185 113 
MB 181 -> 201 201 200 200 200 200 199 199 198 201 202 202 201 201 201 202 202 
MB 182 -> 198 197 197 196 196 195 195 194 193 198 198 198 198 198 198 198 198 
MB 183 -> 193 193 192 192 191 191 190 190 189 194 194 194 194 194 194 194 194 
MB 184 -> 189 189 189 188 188 187 187 186 185 189 190 189 190 190 189 190 190 
MB 185 -> 185 185 185 184 184 184 184 183 183 185 185 185 185 185 185 185 185 
MB 186 -> 183 183 182 182 182 182 181 181 181 183 183 183 184 184 183 183 183 
MB 187 -> 181 181 180 180 180 180 179 179 179 113 181 181 181 181 181 181 181 
MB 188 -> 179 178 178 178 178 178 178 177 177 179 179 179 179 179 179 179 179 
MB 189 -> 177 177 177 177 176 176 176 176 176 178 177 177 178 177 177 177 177 
MB 190 -> 176 176 176 176 176 175 175 175 175 176 176 176 176 176 176 176 176 
MB 191 -> 175 175 175 175 175 175 175 175 175 176 176 175 176 175 175 176 175 
MB 192 -> 175 175 175 175 175 174 174 175 175 175 175 175 175 175 175 175 175 
MB 193 -> 175 174 175 175 175 175 175 175 175 175 175 175 175 175 174 175 175 
MB 194 -> 175 175 175 175 175 175 175 175 175 175 175 175 175 175 175 175 175 
MB 195 -> 175 175 175 175 175 175 175 175 175 176 176 175 176 175 175 176 175 
MB 196 -> 175 175 176 176 177 177 177 177 177 176 176 175 176 175 175 176 175 
MB 197 -> 177 177 178 178 178 178 178 178 179 178 178 177 178 177 177 177 177 
MB 198 -> 179 179 179 180 180 180 180 180 181 179 179 179 179 179 179 178 179 
MB 199 -> 181 181 181 181 182 182 183 183 183 113 181 181 181 181 181 181 181 
MB 200 -> 183 183 184 184 184 185 185 186 186 183 183 183 184 183 183 183 183 
MB 201 -> 186 187 187 187 188 188 189 189 190 186 187 187 187 186 186 186 186 
MB 202 -> 190 190 190 191 191 192 192 193 194 189 190 190 190 190 190 189 190 
MB 203 -> 194 194 195 195 196 196 197 197 198 194 194 194 194 194 194 194 194 
MB 204 -> 198 199 199 200 200 200 200 200 201 198 198 198 198 198 198 198 199 
MB 205 -> 201 202 203 203 203 204 204 205 206 201 201 201 201 201 201 201 201 
MB 206 -> 206 206 206 207 207 208 209 210 210 206 206 206 206 206 206 205 206 
MB 207 -> 210 210 211 212 213 213 214 215 215 210 210 210 210 210 210 210 210 
MB 208 -> 215 216 217 218 219 220 220 221 222 216 216 216 216 216 215 215 216 
MB 209 -> 222 223 223 225 226 227 228 229 230 222 222 222 222 222 222 222 222 
MB 210 -> 230 231 232 233 235 235 237 238 239 229 228 229 229 229 229 228 228 
MB 211 -> 239 240 238 237 236 229 227 226 224 239 239 239 239 240 239 239 239 
MB 212 -> 224 221 217 214 205 202 208 209 192 222 219 219 219 217 219 217 218 
MB 213 -> 192 190 186 183 177 175 183 163 160 209 191 208 209 191 208 208 191 
MB 214 -> 160 153 134 143 134 117 110 99 90 148 149 146 149 151 150 148 149 
MB 215 -> 90 78 69 59 55 68 80 59 60 88 86 86 82 88 85 87 85 
MB 216 -> 60 61 113 113 113 113 68 113 103 60 60 60 61 61 61 59 121 
MB 217 -> 103 106 110 58 58 58 40 50 55 95 96 96 94 94 96 61 55 
MB 218 -> 55 89 106 106 121 113 113 77 75 51 46 49 52 56 81 99 71 
MB 219 -> 75 113 113 113 113 113 113 113 113 113 113 113 113 113 69 100 58 
MB 220 -> 113 113 113 113 113 113 113 113 113 113 113 113 113 113 56 50 60 
MB 221 -> 113 113 113 113 113 113 160 160 113 113 113 113 113 113 113 113 62 
MB 222 -> 113 113 113 113 113 113 113 113 113 113 113 113 113 113 113 113 63 
MB 223 -> 113 113 113 113 113 113 113 113 113 113 113 113 113 113 113 59 62 
MB 224 -> 113 113 113 113 113 113 113 113 113 113 113 113 113 113 113 113 60 
MB 225 -> 113 113 108 113 114 114 114 114 114 113 113 113 113 113 17 113 60 
MB 226 -> 128 62 62 63 63 63 63 64 64 128 128 128 128 128 128 128 128 
MB 227 -> 64 64 65 64 63 63 63 129 65 121 57 72 198 216 212 237 230 
MB 228 -> 65 63 62 62 60 59 59 58 58 64 58 59 161 186 211 236 229 
MB 229 -> 58 57 56 55 54 54 55 57 61 56 56 54 159 184 210 236 228 
MB 230 -> 61 60 60 62 60 63 63 59 59 64 66 65 156 183 207 238 229 
MB 231 -> 59 59 58 58 58 58 57 58 56 59 68 69 149 176 205 238 230 
MB 232 -> 56 56 57 56 57 113 113 80 113 57 56 54 147 173 202 240 232 
MB 233 -> 113 113 113 113 113 113 113 113 113 78 79 79 144 171 198 238 232 
MB 234 -> 113 192 193 192 56 55 55 55 55 113 201 207 208 208 214 239 233 
MB 235 -> 55 55 113 113 113 113 113 113 58 56 216 221 223 226 226 235 233 
MB 236 -> 58 58 225 227 226 62 61 113 113 58 213 228 234 237 240 234 228 
MB 237 -> 113 61 234 235 236 113 113 113 64 233 239 237 236 235 235 233 227 
MB 238 -> 64 150 151 150 124 123 121 119 117 65 236 233 232 231 230 230 226 
MB 239 -> 117 115 97 98 97 97 96 69 64 122 235 230 228 227 226 225 225 
MB 240 -> 64 60 90 113 113 92 179 180 182 130 57 61 226 222 223 224 222 
MB 241 -> 182 182 182 180 179 178 171 169 166 186 189 187 199 220 219 220 219 
MB 242 -> 166 162 158 182 184 113 113 188 113 165 165 192 227 219 217 217 217 
MB 243 -> 113 113 188 189 187 174 172 56 56 194 198 199 199 216 215 215 215 
MB 244 -> 56 218 217 217 218 213 213 214 214 57 56 218 216 213 213 213 212 
MB 245 -> 214 214 214 214 113 55 113 56 58 214 214 212 214 212 211 211 211 
MB 246 -> 58 113 113 222 223 222 113 113 113 213 215 214 211 210 210 210 211 
MB 247 -> 113 211 54 61 55 113 113 191 218 215 216 216 212 210 210 210 211 
MB 248 -> 218 218 218 218 218 219 219 219 195 217 218 215 211 210 210 209 209 
MB 249 -> 195 56 55 231 231 232 231 231 232 195 215 212 210 209 209 209 207 
MB 250 -> 232 231 214 214 214 214 214 213 213 212 215 211 210 209 209 208 207 
MB 251 -> 213 59 58 59 54 54 55 54 184 113 216 211 210 209 209 208 208 
MB 252 -> 184 195 210 212 213 214 214 214 213 57 218 216 211 210 210 210 209 
MB 253 -> 213 213 213 211 60 60 55 113 113 217 218 215 186 236 214 212 211 
MB 254 -> 113 113 113 113 113 113 113 218 217 113 189 222 216 213 213 212 211 
MB 255 -> 217 113 212 210 208 58 59 113 113 217 217 217 213 213 212 212 212 
MB 256 -> 113 221 222 221 223 203 204 204 223 222 219 216 213 213 213 213 213 
MB 257 -> 223 203 227 201 198 113 113 239 238 223 219 216 215 215 215 216 214 
MB 258 -> 238 237 239 191 190 190 189 187 186 221 220 219 218 218 218 218 214 
MB 259 -> 186 230 228 159 162 165 168 171 171 224 223 222 220 220 220 219 215 
MB 260 -> 171 171 170 168 167 165 128 143 142 226 226 225 224 223 223 220 216 
MB 261 -> 142 139 141 141 141 235 153 139 138 142 142 142 141 142 142 142 142 
MB 262 -> 138 137 137 136 136 135 135 134 231 138 140 137 137 137 139 137 137 
MB 263 -> 231 238 229 229 219 135 217 113 194 239 134 134 238 134 134 133 113 
MB 264 -> 194 197 195 198 199 203 195 200 200 226 231 231 236 236 228 222 215 
MB 265 -> 200 199 201 201 202 201 202 200 196 203 215 220 234 237 226 220 214 
MB 266 -> 196 194 192 190 187 185 184 180 177 199 202 216 229 239 225 219 213 
MB 267 -> 177 174 173 171 165 163 159 156 152 178 195 210 226 239 223 217 211 
MB 268 -> 152 147 145 135 134 125 120 115 111 150 175 209 229 237 222 216 190 
MB 269 -> 111 108 108 107 107 106 105 104 106 140 170 214 234 227 203 201 191 
MB 270 -> 106 179 96 92 90 94 96 99 99 180 179 218 180 179 180 180 188 
MB 271 -> 99 101 102 103 103 104 105 106 108 141 201 229 216 211 206 202 195 
MB 272 -> 108 108 110 110 112 114 192 182 180 150 238 229 218 213 209 206 201 
MB 273 -> 180 178 177 178 179 179 175 171 169 198 237 233 228 220 219 216 211 
MB 274 -> 169 170 171 165 164 159 154 142 127 192 221 223 239 233 222 216 211 
MB 275 -> 127 116 116 114 113 112 112 112 112 151 200 221 238 227 221 216 211 
MB 276 -> 112 112 112 107 116 116 116 115 117 149 201 222 239 227 221 216 211 
MB 277 -> 117 113 111 111 112 112 112 116 114 150 199 219 233 227 222 217 212 
MB 278 -> 114 111 115 112 113 112 110 94 90 149 200 220 237 227 222 216 211 
MB 279 -> 90 98 108 110 112 114 116 118 119 146 202 222 238 227 221 216 211 
MB 280 -> 119 120 121 121 122 123 124 126 127 157 206 225 239 226 221 216 211 
MB 281 -> 127 129 131 132 133 133 133 133 134 160 206 225 239 226 220 215 210 
MB 282 -> 134 134 135 136 144 154 160 159 159 165 207 226 239 226 220 215 210 
MB 283 -> 159 160 162 163 163 165 167 168 169 178 209 227 239 226 220 215 210 
MB 284 -> 169 170 171 172 172 173 173 173 174 189 219 237 228 219 216 213 210 
MB 285 -> 174 176 176 177 175 178 183 223 222 194 230 240 233 217 213 209 200 
MB 286 -> 222 221 218 218 218 210 210 217 225 221 225 225 230 220 216 212 205 
MB 287 -> 225 228 234 236 239 239 238 238 237 226 234 235 228 218 215 211 207 
MB 288 -> 237 236 235 235 232 231 230 230 229 237 237 234 228 212 210 209 206 
MB 289 -> 229 228 227 226 225 224 223 222 222 229 229 229 226 216 211 204 203 
MB 290 -> 222 221 220 219 219 217 217 216 214 222 222 222 220 215 211 207 199 
MB 291 -> 214 214 213 213 213 212 211 210 210 214 215 214 214 214 210 207 200 
MB 292 -> 210 209 209 208 208 189 187 186 113 210 210 210 194 210 209 206 199 
MB 293 -> 113 113 187 187 203 203 203 202 202 188 188 188 188 187 188 188 199 
MB 294 -> 202 201 201 200 200 200 199 199 198 201 202 202 202 201 202 202 198 
MB 295 -> 198 198 197 197 196 195 195 194 194 198 198 198 198 198 198 199 197 
MB 296 -> 194 194 193 192 192 191 190 190 190 194 194 194 194 194 194 194 194 
MB 297 -> 190 189 189 188 188 188 187 185 185 189 190 190 190 190 190 190 190 
MB 298 -> 185 184 184 184 183 184 184 183 183 186 185 185 185 185 185 185 186 
MB 299 -> 183 183 182 182 182 181 181 181 181 184 183 183 183 183 183 184 184 
MB 300 -> 181 181 180 180 180 179 179 179 179 182 181 181 181 181 182 181 182 
MB 301 -> 179 178 178 178 178 178 177 177 177 180 179 179 179 179 180 180 180 
MB 302 -> 177 177 177 177 177 176 176 176 176 178 177 178 177 177 178 178 178 
MB 303 -> 176 176 176 176 176 176 175 175 175 177 176 176 176 176 177 176 177 
MB 304 -> 175 175 175 175 175 175 175 175 175 176 176 176 175 175 176 176 176 
MB 305 -> 175 175 175 175 175 175 175 175 175 176 175 175 175 175 175 175 176 
MB 306 -> 175 175 175 175 175 175 175 175 175 176 175 175 175 175 176 175 176 
MB 307 -> 175 175 175 175 175 175 175 175 175 176 175 175 175 175 176 175 176 
MB 308 -> 175 175 175 175 175 175 175 175 175 176 175 176 175 175 176 176 176 
MB 309 -> 175 175 175 176 177 177 177 177 177 176 175 175 175 175 176 175 176 
MB 310 -> 177 177 178 178 178 178 178 179 179 178 177 178 177 177 178 178 178 
MB 311 -> 179 179 180 180 180 180 181 181 181 180 179 180 179 179 180 179 180 
MB 312 -> 181 181 182 182 182 182 183 183 183 182 181 181 181 181 182 181 182 
MB 313 -> 183 184 184 184 185 185 185 186 186 184 184 184 183 183 183 184 184 
MB 314 -> 186 187 187 188 188 189 189 190 190 187 186 187 187 186 187 187 187 
MB 315 -> 190 190 191 191 192 192 193 194 194 190 190 190 190 190 190 190 191 
MB 316 -> 194 195 195 196 196 197 197 198 199 194 194 194 194 194 194 195 194 
MB 317 -> 199 199 199 200 200 200 200 201 201 198 199 199 199 199 198 199 198 
MB 318 -> 201 202 202 203 204 204 205 205 206 201 201 201 201 201 201 201 200 
MB 319 -> 206 206 207 207 208 209 209 210 210 206 206 206 206 206 206 206 204 
MB 320 -> 210 211 212 212 213 214 214 215 216 210 210 210 210 210 210 210 206 
MB 321 -> 216 217 217 218 219 220 221 222 222 216 216 216 216 216 216 211 206 
MB 322 -> 222 223 224 225 225 226 227 228 228 222 223 222 222 222 217 212 208 
MB 323 -> 228 230 231 232 234 235 237 238 239 229 229 229 229 223 218 213 204 
MB 324 -> 239 239 237 234 231 227 225 221 218 239 240 239 238 225 219 214 212 
MB 325 -> 218 215 211 208 205 201 198 210 191 218 219 225 240 225 220 217 213 
MB 326 -> 191 185 180 176 172 166 185 185 149 208 206 217 235 235 207 205 200 
MB 327 -> 149 140 134 128 121 114 104 96 85 147 173 213 226 215 212 209 208 
MB 328 -> 85 80 76 75 75 75 73 71 121 126 167 237 233 222 216 212 208 
MB 329 -> 121 68 66 78 75 70 62 54 55 123 225 229 238 224 221 217 213 
MB 330 -> 55 55 110 107 108 94 96 91 71 150 199 217 232 239 230 225 219 
MB 331 -> 71 72 62 56 54 56 60 61 58 110 139 186 206 224 231 225 219 
MB 332 -> 58 60 62 62 62 57 59 61 60 75 133 186 204 224 231 225 219 
MB 333 -> 60 59 61 61 62 63 63 62 62 54 134 188 209 226 231 225 219 
MB 334 -> 62 61 61 60 60 60 162 64 63 56 130 187 208 225 231 225 219 
MB 335 -> 63 63 63 62 62 62 62 62 62 55 92 188 210 227 230 225 220 
MB 336 -> 62 61 61 61 61 60 60 60 60 55 99 171 195 214 235 227 220 
MB 337 -> 60 60 60 60 59 59 60 60 60 54 105 172 195 213 207 226 220 
MB 338 -> 60 61 61 62 62 62 62 62 62 65 55 173 196 216 210 227 221 
MB 339 -> 128 220 221 221 230 230 230 230 230 128 128 128 128 128 128 128 128 
MB 340 -> 230 230 229 229 229 229 229 229 229 216 213 208 205 201 191 184 113 
MB 341 -> 229 229 229 229 229 229 228 228 228 224 213 208 205 201 191 184 113 
MB 342 -> 228 228 228 228 228 229 229 229 229 223 213 207 205 201 191 184 113 
MB 343 -> 229 229 229 229 230 230 230 230 230 222 212 207 204 200 191 183 113 
MB 344 -> 230 231 231 231 231 231 231 231 232 224 212 206 203 200 190 183 113 
MB 345 -> 232 232 232 232 232 232 232 232 232 225 213 207 203 199 189 182 113 
MB 346 -> 232 232 232 232 232 232 232 233 233 226 213 207 204 200 188 182 113 
MB 347 -> 233 233 233 233 233 232 233 234 233 226 214 208 205 200 189 180 113 
MB 348 -> 233 232 233 232 231 231 229 229 228 226 214 208 205 200 190 181 113 
MB 349 -> 228 228 227 227 228 228 228 228 227 226 214 209 205 201 190 182 113 
MB 350 -> 227 227 227 227 226 226 226 226 226 223 215 209 206 200 190 182 113 
MB 351 -> 226 226 226 226 226 225 225 225 225 222 215 209 206 201 190 182 113 
MB 352 -> 225 225 224 224 224 223 223 223 222 221 215 209 206 201 191 182 113 
MB 353 -> 222 222 222 221 220 220 220 220 219 219 212 209 206 201 191 182 113 
MB 354 -> 219 218 218 218 218 218 217 217 217 218 211 208 206 201 191 182 113 
MB 355 -> 217 216 216 216 215 215 215 215 215 216 210 206 206 201 191 183 113 
MB 356 -> 215 214 214 213 213 212 212 212 212 215 210 205 204 201 191 183 113 
MB 357 -> 212 212 212 211 212 212 212 212 211 211 209 205 203 200 191 182 113 
MB 358 -> 211 210 210 210 210 210 210 210 211 210 208 204 202 200 190 182 113 
MB 359 -> 211 210 209 209 210 208 210 209 211 210 207 203 202 200 190 182 113 
MB 360 -> 211 210 210 210 209 210 209 209 209 209 207 203 201 199 190 181 113 
MB 361 -> 209 208 209 209 208 208 208 207 207 208 206 203 200 199 189 181 113 
MB 362 -> 207 209 208 207 207 209 208 209 207 208 206 203 200 198 188 180 113 
MB 363 -> 207 208 208 207 208 207 207 208 208 207 206 203 200 198 188 180 113 
MB 364 -> 208 208 210 208 209 209 209 209 209 207 206 202 200 199 187 179 113 
MB 365 -> 209 209 208 210 209 209 210 210 211 208 205 202 200 199 187 179 113 
MB 366 -> 211 211 210 215 215 213 212 212 211 208 205 202 200 198 186 178 113 
MB 367 -> 211 211 210 211 210 210 211 211 212 208 205 202 200 197 185 178 113 
MB 368 -> 212 212 212 212 212 213 213 212 213 208 205 202 201 196 184 177 171 
MB 369 -> 213 213 213 214 214 214 214 214 214 208 205 203 200 195 184 176 170 
MB 370 -> 214 214 214 214 214 214 214 214 214 208 205 203 200 194 183 176 170 
MB 371 -> 214 214 214 215 215 215 215 215 215 208 207 202 199 193 182 175 169 
MB 372 -> 215 215 215 215 215 215 216 216 216 209 206 201 198 192 181 174 168 
MB 373 -> 216 216 215 215 215 215 215 143 142 210 206 200 198 191 180 173 168 
MB 374 -> 142 113 142 140 140 141 218 218 137 142 145 200 197 190 179 156 156 
MB 375 -> 137 137 137 137 136 136 135 135 113 139 138 140 113 140 158 154 140 
MB 376 -> 113 216 216 216 216 216 216 216 215 212 203 198 194 188 158 153 151 
MB 377 -> 215 215 215 215 215 215 215 214 214 206 202 197 170 113 157 153 149 
MB 378 -> 214 214 214 213 213 213 213 213 213 205 201 174 168 113 159 152 149 
MB 379 -> 213 213 212 212 212 212 212 212 211 204 182 172 166 113 157 154 151 
MB 380 -> 211 211 211 211 211 190 191 190 190 187 181 174 167 113 159 155 151 
MB 381 -> 190 192 191 191 192 192 191 191 191 186 182 171 168 113 160 156 153 
MB 382 -> 191 192 190 189 190 190 190 190 188 187 180 174 170 113 163 159 157 
MB 383 -> 188 180 182 190 191 192 192 194 195 186 180 176 172 113 168 165 165 
MB 384 -> 195 195 196 197 198 198 200 201 201 191 188 184 181 113 178 171 167 
MB 385 -> 201 204 206 208 210 210 210 210 211 200 200 195 191 187 178 171 167 
MB 386 -> 211 211 211 211 212 211 211 211 211 203 201 195 192 187 178 172 167 
MB 387 -> 211 211 211 211 211 211 211 211 211 203 200 195 192 187 178 172 167 
MB 388 -> 211 211 211 211 211 211 210 211 211 203 200 195 186 187 177 171 167 
MB 389 -> 211 211 211 211 211 211 211 212 212 203 200 195 191 187 177 171 167 
MB 390 -> 212 211 211 211 211 211 211 211 211 206 201 196 192 188 178 173 168 
MB 391 -> 211 211 211 211 213 212 211 211 211 204 200 196 192 187 178 172 167 
MB 392 -> 211 211 211 211 211 211 211 211 211 204 200 196 192 188 178 172 167 
MB 393 -> 211 211 211 210 210 210 210 210 210 204 200 196 192 187 176 172 167 
MB 394 -> 210 210 210 210 210 210 210 210 210 203 200 196 186 113 177 171 167 
MB 395 -> 210 210 210 210 210 210 210 210 210 203 200 194 185 113 176 171 166 
MB 396 -> 210 210 210 210 210 210 210 210 210 203 200 195 185 113 177 171 166 
MB 397 -> 210 209 207 206 205 200 200 200 200 203 200 194 185 113 177 171 166 
MB 398 -> 200 201 201 201 204 205 204 205 205 198 191 187 181 113 174 170 166 
MB 399 -> 205 207 207 207 207 207 207 207 207 198 192 186 179 113 170 165 160 
MB 400 -> 207 207 207 206 206 206 206 206 206 197 194 190 183 113 174 166 160 
MB 401 -> 206 206 206 206 206 204 203 203 203 200 198 186 179 113 170 166 161 
MB 402 -> 203 201 201 200 200 200 200 199 199 199 196 191 177 113 169 165 160 
MB 403 -> 199 199 198 198 198 200 200 200 200 197 194 189 182 113 169 162 159 
MB 404 -> 200 199 200 199 199 199 199 199 199 196 190 188 181 113 158 163 158 
MB 405 -> 199 194 194 192 191 194 199 199 199 194 189 185 180 113 173 157 155 
MB 406 -> 199 187 198 198 185 199 184 198 198 194 190 185 177 113 172 167 154 
MB 407 -> 198 199 198 199 198 198 198 198 197 194 190 184 175 113 171 167 162 
MB 408 -> 197 198 197 197 196 196 195 194 194 194 190 184 177 113 168 167 162 
MB 409 -> 194 193 193 192 192 192 191 191 190 194 190 184 177 113 166 164 162 
MB 410 -> 190 190 190 189 189 188 188 187 186 190 190 184 177 113 169 163 161 
MB 411 -> 186 185 185 185 184 185 185 184 184 185 187 184 177 113 169 161 160 
MB 412 -> 184 184 184 183 183 183 182 182 182 184 184 183 176 113 169 163 158 
MB 413 -> 182 182 181 181 181 181 180 180 180 181 182 182 177 113 169 163 158 
MB 414 -> 180 180 179 179 179 179 178 178 178 179 180 180 176 113 169 163 156 
MB 415 -> 178 178 178 178 177 177 177 177 177 177 179 178 176 113 168 163 156 
MB 416 -> 177 177 177 177 176 176 176 176 176 176 177 177 175 113 168 163 159 
MB 417 -> 176 176 176 176 176 176 176 176 176 176 177 176 175 113 168 163 159 
MB 418 -> 176 176 175 176 176 176 176 176 176 175 176 176 175 113 168 163 159 
MB 419 -> 176 175 176 176 176 176 176 176 176 175 176 175 174 113 168 163 159 
MB 420 -> 176 176 176 176 176 176 176 176 176 175 176 176 175 113 168 164 160 
MB 421 -> 176 176 176 176 176 176 176 176 176 176 177 176 175 113 169 164 160 
MB 422 -> 176 176 176 178 178 178 178 178 178 175 176 176 175 113 169 164 160 
MB 423 -> 178 178 179 179 179 179 179 180 180 177 179 178 176 113 169 164 160 
MB 424 -> 180 180 180 181 181 181 181 182 182 179 180 180 177 113 169 164 160 
MB 425 -> 182 182 182 183 183 183 184 184 184 181 182 182 177 113 169 164 161 
MB 426 -> 184 184 185 185 186 186 187 187 187 184 185 184 177 113 170 165 159 
MB 427 -> 187 188 188 189 189 190 190 190 191 187 188 184 178 113 170 165 160 
MB 428 -> 191 191 192 192 193 192 193 194 194 190 190 185 178 113 171 163 161 
MB 429 -> 194 195 195 196 196 197 198 198 198 194 192 186 180 113 171 166 164 
MB 430 -> 198 199 199 200 200 200 200 200 200 196 192 188 172 113 170 169 165 
MB 431 -> 200 200 201 201 203 204 205 204 204 198 194 189 178 113 173 170 166 
MB 432 -> 204 205 205 205 205 206 206 206 206 199 195 190 181 113 176 170 156 
MB 433 -> 206 206 206 206 206 206 206 206 206 200 195 187 183 113 177 172 160 
MB 434 -> 206 207 207 207 207 207 207 208 208 200 195 191 186 113 178 166 161 
MB 435 -> 208 208 208 201 208 208 202 203 204 201 198 195 170 187 168 162 158 
MB 436 -> 204 209 208 209 209 210 210 211 212 204 200 196 176 113 169 165 161 
MB 437 -> 212 212 212 212 194 212 212 212 213 205 187 187 178 113 172 168 164 
MB 438 -> 213 191 195 192 193 197 194 189 200 194 191 186 181 113 174 168 165 
MB 439 -> 200 201 201 201 204 186 186 204 208 190 190 187 182 113 176 171 167 
MB 440 -> 208 206 206 208 207 207 208 209 208 201 198 192 182 113 178 174 168 
MB 441 -> 208 209 210 210 210 211 212 211 213 203 200 197 191 189 183 177 113 
MB 442 -> 213 214 216 218 218 219 219 219 219 208 206 202 199 195 185 179 113 
MB 443 -> 219 220 222 220 220 220 219 220 219 216 207 203 200 195 185 179 113 
MB 444 -> 219 219 219 220 220 220 222 220 219 215 207 202 200 196 186 179 113 
MB 445 -> 219 219 219 219 219 219 219 219 219 215 207 202 200 195 185 178 113 
MB 446 -> 219 219 219 222 219 219 219 219 219 215 206 202 200 195 185 178 113 
MB 447 -> 219 219 219 219 219 220 220 220 220 215 207 202 200 196 185 179 113 
MB 448 -> 220 219 220 220 220 220 220 220 220 211 206 203 200 195 185 179 113 
MB 449 -> 220 220 220 220 220 220 220 220 220 216 207 203 200 196 113 180 113 
MB 450 -> 220 220 220 221 221 221 221 220 221 216 207 203 200 195 186 179 113 
MB 451 -> 221 221 220 220 220 220 220 220 220 216 213 208 200 195 185 178 113 
MB 452 -> 128 113 113 113 113 113 113 113 113 128 128 128 128 128 128 128 128 
MB 453 -> 113 113 113 113 113 113 113 113 113 169 113 169 162 159 113 155 149 
MB 454 -> 113 113 113 113 113 113 113 113 113 168 113 168 162 158 113 155 152 
MB 455 -> 113 113 113 113 113 113 113 113 113 178 174 168 162 158 155 155 151 
MB 456 -> 113 113 113 113 113 113 113 113 113 177 173 168 162 158 155 113 151 
MB 457 -> 113 113 113 113 113 113 113 113 113 177 173 168 161 158 155 113 151 
MB 458 -> 113 113 113 113 113 113 113 113 113 176 172 167 161 157 154 113 151 
MB 459 -> 113 113 113 113 113 113 113 113 113 176 172 167 161 157 154 113 151 
MB 460 -> 113 113 113 113 113 113 113 113 113 175 171 166 160 157 154 113 150 
MB 461 -> 113 113 113 113 113 113 113 113 113 174 170 166 160 156 153 113 150 
MB 462 -> 113 113 113 113 113 113 113 113 113 169 170 166 160 156 153 113 150 
MB 463 -> 113 113 113 113 113 113 113 113 113 175 170 165 159 156 153 113 149 
MB 464 -> 113 113 113 113 113 113 113 113 113 175 171 165 159 156 153 113 149 
MB 465 -> 113 113 113 113 113 113 113 113 113 175 171 166 158 155 152 113 149 
MB 466 -> 113 113 113 113 113 113 113 113 113 176 171 166 158 155 151 113 149 
MB 467 -> 113 113 113 113 113 113 113 113 113 176 171 166 158 155 151 113 148 
MB 468 -> 113 113 113 113 113 113 113 113 113 176 171 166 158 155 151 113 148 
MB 469 -> 113 113 113 113 113 113 113 113 113 175 171 166 158 155 151 113 148 
MB 470 -> 113 113 113 113 113 113 113 113 113 175 171 166 158 155 151 113 147 
MB 471 -> 113 113 113 113 113 113 113 113 113 176 171 166 158 155 151 113 147 
MB 472 -> 113 113 113 113 113 113 113 113 113 175 171 166 158 155 151 147 147 
MB 473 -> 113 113 113 113 113 113 113 113 113 175 171 165 158 155 151 113 147 
MB 474 -> 113 113 113 113 113 113 113 113 113 175 170 165 158 155 151 147 147 
MB 475 -> 113 113 113 113 113 113 113 113 113 174 170 165 157 154 151 147 147 
MB 476 -> 113 113 113 113 113 113 113 113 113 174 169 164 157 154 150 147 113 
MB 477 -> 113 113 113 113 113 113 113 113 113 169 113 164 157 154 150 146 113 
MB 478 -> 113 113 113 113 113 113 113 113 113 169 113 163 156 153 150 146 113 
MB 479 -> 113 113 113 113 113 113 113 113 113 168 113 163 156 153 149 146 143 
MB 480 -> 113 113 113 113 113 113 171 171 171 168 113 162 156 153 149 145 113 
MB 481 -> 171 171 171 171 171 171 171 170 170 167 113 162 155 152 148 145 113 
MB 482 -> 170 170 170 170 170 170 170 170 170 166 113 161 155 151 148 145 113 
MB 483 -> 170 170 170 169 169 169 169 169 169 166 113 161 154 150 148 145 113 
MB 484 -> 169 169 169 169 169 168 168 168 168 165 113 160 153 150 147 144 143 
MB 485 -> 168 168 168 168 168 168 168 168 168 164 113 160 153 149 145 144 142 
MB 486 -> 168 168 168 166 167 157 156 156 156 163 150 113 145 143 141 139 135 
MB 487 -> 156 154 154 154 154 153 153 152 140 153 150 113 144 143 141 138 135 
MB 488 -> 140 151 151 150 150 151 150 151 151 140 140 113 140 141 139 138 137 
MB 489 -> 151 150 150 150 149 150 149 149 149 148 146 113 143 142 140 138 136 
MB 490 -> 149 148 149 150 147 149 148 149 149 146 144 113 142 142 140 138 136 
MB 491 -> 149 148 148 149 150 150 150 151 151 148 145 113 141 141 140 137 136 
MB 492 -> 151 150 151 151 151 151 152 153 151 147 145 113 143 140 139 137 136 
MB 493 -> 151 152 152 153 153 152 152 153 153 150 147 113 143 142 140 139 137 
MB 494 -> 153 153 154 153 154 155 156 156 157 150 148 113 147 145 144 144 113 
MB 495 -> 157 157 158 159 159 160 162 164 165 155 153 113 153 151 148 145 113 
MB 496 -> 165 166 166 166 166 166 167 167 167 162 113 159 154 151 148 146 142 
MB 497 -> 167 167 167 167 168 166 167 167 167 163 113 160 154 151 148 145 143 
MB 498 -> 167 167 167 167 167 167 167 167 167 163 113 160 154 151 148 146 143 
MB 499 -> 167 167 167 167 167 167 167 167 167 163 113 160 154 151 148 146 113 
MB 500 -> 167 169 167 166 167 167 167 167 167 165 113 160 154 151 148 145 113 
MB 501 -> 167 167 167 167 167 167 167 167 167 163 113 159 153 151 148 145 113 
MB 502 -> 167 167 167 167 167 167 167 167 168 163 113 159 154 151 148 145 113 
MB 503 -> 168 168 167 167 167 167 167 167 167 166 113 161 156 152 148 146 113 
MB 504 -> 167 167 167 167 167 167 167 167 167 164 113 160 154 151 149 146 113 
MB 505 -> 167 168 168 169 168 168 168 167 167 164 113 160 154 151 148 146 113 
MB 506 -> 167 167 167 167 167 167 167 167 167 163 113 160 113 153 149 146 113 
MB 507 -> 167 167 167 167 166 166 166 166 166 163 113 160 154 151 148 146 113 
MB 508 -> 166 166 166 166 166 166 166 166 166 163 113 159 154 151 148 146 113 
MB 509 -> 166 166 166 166 166 166 166 166 166 163 113 159 154 151 148 146 113 
MB 510 -> 166 166 166 166 166 166 166 166 166 163 113 159 154 151 148 146 143 
MB 511 -> 166 166 164 163 161 161 161 160 160 162 113 159 153 151 148 145 143 
MB 512 -> 160 160 158 159 159 159 159 159 160 157 154 113 150 148 145 145 142 
MB 513 -> 160 161 163 165 165 163 163 162 161 156 152 113 148 144 143 141 139 
MB 514 -> 161 160 160 160 160 160 159 159 160 159 156 113 152 149 146 142 139 
MB 515 -> 160 161 160 159 160 160 160 160 159 156 154 113 148 147 144 141 140 
MB 516 -> 159 159 159 159 159 159 160 159 158 156 154 113 148 145 143 141 139 
MB 517 -> 158 158 159 158 158 158 155 155 155 155 152 113 148 145 142 141 139 
MB 518 -> 155 158 155 157 156 157 154 156 154 154 150 113 148 146 143 140 139 
MB 519 -> 154 156 159 163 153 155 158 156 162 154 151 113 147 145 143 140 138 
MB 520 -> 162 161 163 163 163 163 162 162 162 155 150 113 147 144 142 139 138 
MB 521 -> 162 162 162 162 162 162 162 162 162 159 149 113 146 145 143 140 137 
MB 522 -> 162 162 162 162 162 162 161 161 161 159 156 113 148 145 143 140 138 
MB 523 -> 161 161 160 160 160 160 160 160 160 158 155 113 148 143 144 140 136 
MB 524 -> 160 159 159 158 159 158 158 158 158 158 155 113 150 148 143 139 138 
MB 525 -> 158 158 158 158 158 157 157 157 158 157 155 113 150 146 146 139 137 
MB 526 -> 158 157 157 156 155 156 155 155 156 155 155 113 150 148 145 141 137 
MB 527 -> 156 156 155 156 155 158 158 157 156 154 153 113 150 148 146 143 137 
MB 528 -> 156 156 156 159 158 159 158 159 159 154 153 113 150 148 146 143 138 
MB 529 -> 159 159 159 159 159 159 159 159 159 154 152 113 150 148 146 143 141 
MB 530 -> 159 159 159 159 159 159 159 159 159 154 152 113 150 148 146 143 138 
MB 531 -> 159 159 159 160 159 159 159 160 159 153 151 113 150 148 146 143 142 
MB 532 -> 159 159 160 159 159 159 160 160 160 153 151 113 150 148 146 142 135 
MB 533 -> 160 160 160 160 160 160 160 160 160 156 152 113 150 148 145 136 137 
MB 534 -> 160 160 160 157 160 160 158 159 160 156 153 113 150 148 146 130 132 
MB 535 -> 160 160 160 160 160 160 160 160 160 156 153 113 151 148 134 132 134 
MB 536 -> 160 160 160 160 160 160 160 161 160 155 154 113 151 149 146 143 136 
MB 537 -> 160 160 157 156 161 161 161 161 161 156 154 113 151 149 147 137 135 
MB 538 -> 161 160 161 160 159 159 159 158 159 156 155 113 151 135 147 139 136 
MB 539 -> 159 158 159 160 160 160 160 160 160 157 156 113 152 150 147 144 137 
MB 540 -> 160 160 160 160 160 161 161 161 161 158 156 113 152 144 141 139 137 
MB 541 -> 161 162 162 163 163 163 164 164 164 160 157 113 153 149 142 139 138 
MB 542 -> 164 164 164 164 164 165 164 165 165 161 113 157 153 146 142 140 139 
MB 543 -> 165 165 165 165 165 165 165 166 166 161 157 157 147 145 144 141 139 
MB 544 -> 166 166 166 166 155 166 166 155 156 149 150 113 147 146 144 140 138 
MB 545 -> 156 157 166 160 158 159 160 160 160 155 150 113 148 146 143 140 139 
MB 546 -> 160 160 159 157 158 159 159 159 161 156 151 113 148 146 141 140 140 
MB 547 -> 161 161 162 160 160 160 160 159 158 157 152 113 148 147 143 140 141 
MB 548 -> 158 161 159 161 161 162 163 163 161 157 153 113 150 148 145 142 141 
MB 549 -> 161 162 162 163 163 164 164 163 164 159 154 113 151 148 145 140 139 
MB 550 -> 164 164 164 164 165 165 165 165 165 160 155 113 150 148 145 143 140 
MB 551 -> 165 166 166 166 166 167 167 167 167 162 113 157 152 150 148 144 113 
MB 552 -> 167 168 167 167 167 168 167 169 168 164 113 159 154 151 149 113 147 
MB 553 -> 168 168 169 169 113 113 113 113 113 166 113 161 158 155 152 113 148 
MB 554 -> 113 113 113 113 113 113 113 113 113 168 113 164 158 156 153 113 150 
MB 555 -> 113 113 113 113 113 113 113 113 113 169 170 164 158 155 152 113 149 
MB 556 -> 113 113 113 113 113 113 113 113 113 174 169 165 159 156 153 113 149 
MB 557 -> 113 113 113 113 113 113 113 113 113 174 170 164 159 156 153 113 150 
MB 558 -> 113 113 113 113 113 113 113 113 113 169 113 164 159 156 153 113 149 
MB 559 -> 113 113 113 113 113 113 113 113 113 169 113 164 158 155 152 113 149 
MB 560 -> 113 113 113 113 113 113 113 113 113 175 170 165 158 156 152 113 149 
MB 561 -> 113 113 113 113 113 113 113 113 113 173 169 165 159 156 153 113 150 
MB 562 -> 113 113 113 113 113 113 113 113 113 174 170 165 159 156 153 113 150 
MB 563 -> 113 113 113 113 113 113 113 113 113 174 170 170 160 156 153 113 150 
MB 564 -> 113 113 113 113 113 113 113 113 113 169 113 169 163 156 153 113 150 
MB 565 -> 128 150 150 150 150 150 150 149 149 128 128 128 128 128 128 128 128 
MB 566 -> 149 149 149 149 149 149 149 149 152 147 146 146 146 146 146 146 146 
MB 567 -> 152 152 152 152 152 152 152 152 151 146 145 145 145 145 145 145 145 
MB 568 -> 151 152 151 151 151 151 151 151 151 149 145 145 145 145 145 145 145 
MB 569 -> 151 151 151 151 151 151 151 151 151 149 144 144 144 144 144 144 144 
MB 570 -> 151 151 151 151 151 151 151 151 151 148 113 113 113 113 113 113 113 
MB 571 -> 151 151 151 151 151 151 151 151 151 148 113 113 113 113 113 113 113 
MB 572 -> 151 150 151 151 150 150 150 150 150 148 113 113 113 113 113 113 113 
MB 573 -> 150 150 150 150 150 150 150 150 150 148 144 144 144 144 144 144 144 
MB 574 -> 150 150 150 150 150 150 150 149 150 148 143 143 143 143 143 143 143 
MB 575 -> 150 149 150 150 150 150 149 150 149 147 143 143 143 143 143 143 143 
MB 576 -> 149 149 149 149 149 149 149 149 149 147 143 143 143 143 143 143 143 
MB 577 -> 149 149 149 149 149 149 149 149 149 147 143 143 143 143 143 143 143 
MB 578 -> 149 149 149 149 149 149 149 149 149 147 143 143 143 143 143 143 143 
MB 579 -> 149 148 149 149 148 148 148 148 148 146 142 142 142 142 142 142 142 
MB 580 -> 148 148 148 148 148 148 148 148 148 146 142 142 142 142 142 142 142 
MB 581 -> 148 148 148 148 148 148 148 148 148 146 142 142 142 142 142 142 142 
MB 582 -> 148 147 147 147 147 148 147 147 147 146 142 142 142 142 142 142 142 
MB 583 -> 147 147 147 147 147 147 147 147 147 145 142 142 142 142 142 142 142 
MB 584 -> 147 147 147 147 147 147 147 147 147 145 141 141 141 141 141 141 141 
MB 585 -> 147 147 147 147 147 147 147 147 147 144 141 141 141 141 141 141 141 
MB 586 -> 147 147 147 147 147 147 147 113 147 145 141 141 141 141 141 141 141 
MB 587 -> 147 113 113 113 113 147 147 147 147 144 141 141 141 141 141 141 141 
MB 588 -> 147 113 113 147 147 147 113 113 113 144 141 141 141 141 141 141 141 
MB 589 -> 113 113 113 113 113 113 113 113 113 144 140 140 140 140 140 140 140 
MB 590 -> 113 113 113 113 113 113 113 113 113 143 140 140 140 140 140 140 140 
MB 591 -> 113 113 113 113 113 113 113 113 143 143 140 140 140 140 140 140 140 
MB 592 -> 143 113 113 113 143 113 113 113 113 143 140 140 140 140 140 140 140 
MB 593 -> 113 113 113 113 113 113 113 113 113 143 140 140 140 140 140 140 140 
MB 594 -> 113 113 113 113 113 113 143 113 113 143 140 140 140 140 140 140 140 
MB 595 -> 113 113 113 113 113 113 113 113 113 143 140 140 140 140 140 140 140 
MB 596 -> 113 113 113 113 143 113 113 143 143 143 140 140 140 140 140 140 140 
MB 597 -> 143 142 142 141 141 142 142 142 142 143 139 139 139 139 139 139 139 
MB 598 -> 142 141 138 138 137 135 135 135 135 113 138 138 138 138 138 138 138 
MB 599 -> 135 137 137 137 137 137 137 136 135 113 134 134 134 134 134 134 134 
MB 600 -> 135 136 136 137 137 137 137 137 137 113 133 133 133 133 133 133 133 
MB 601 -> 137 136 136 137 136 136 136 136 136 113 133 133 133 133 133 133 133 
MB 602 -> 136 136 136 136 136 136 136 136 136 113 133 133 133 133 133 133 133 
MB 603 -> 136 136 137 137 137 137 136 136 136 113 133 133 133 133 133 133 133 
MB 604 -> 136 136 136 136 136 136 136 136 136 113 134 134 134 134 134 134 134 
MB 605 -> 136 136 135 136 136 136 137 137 137 113 134 134 134 134 134 134 134 
MB 606 -> 137 138 139 140 141 141 142 143 113 113 137 137 137 137 137 137 137 
MB 607 -> 113 143 143 113 143 143 113 113 113 143 140 140 140 140 140 140 140 
MB 608 -> 113 113 113 113 113 113 113 113 142 143 140 140 140 140 140 140 140 
MB 609 -> 142 143 113 113 113 143 113 143 143 143 140 140 140 140 140 140 140 
MB 610 -> 143 143 113 113 113 113 113 113 143 143 140 140 140 140 140 140 140 
MB 611 -> 143 113 113 113 113 113 113 113 113 143 140 140 140 140 140 140 140 
MB 612 -> 113 113 113 147 113 113 113 113 113 143 140 140 140 140 140 140 140 
MB 613 -> 113 143 143 113 113 143 113 113 113 143 139 139 139 139 139 139 139 
MB 614 -> 113 143 143 143 143 143 143 113 113 143 139 139 139 139 139 139 139 
MB 615 -> 113 113 113 143 113 113 113 113 113 143 139 139 139 139 139 139 139 
MB 616 -> 113 113 113 113 113 113 113 113 113 143 140 140 140 140 140 140 140 
MB 617 -> 113 113 113 113 113 113 113 113 113 143 140 140 140 140 140 140 140 
MB 618 -> 113 113 113 113 113 113 113 113 113 143 140 140 140 140 140 140 140 
MB 619 -> 113 113 147 113 113 113 113 113 113 143 140 140 140 140 140 140 140 
MB 620 -> 113 113 113 113 113 143 143 143 113 143 140 140 140 140 140 140 140 
MB 621 -> 113 113 113 143 113 113 113 113 113 143 140 140 140 140 140 140 140 
MB 622 -> 113 113 113 113 113 113 113 143 143 143 140 140 140 140 140 140 140 
MB 623 -> 143 113 113 113 143 113 143 113 143 143 140 140 140 140 140 140 140 
MB 624 -> 143 113 143 143 143 143 142 142 142 143 140 140 140 140 140 140 140 
MB 625 -> 142 142 141 140 140 140 140 139 139 113 139 139 139 139 139 139 139 
MB 626 -> 139 138 139 138 138 137 138 138 139 113 136 136 136 136 136 136 136 
MB 627 -> 139 140 141 141 141 140 140 139 140 113 135 135 135 135 135 135 135 
MB 628 -> 140 140 139 139 139 139 139 139 139 113 136 136 136 136 136 136 136 
MB 629 -> 139 139 139 139 138 139 139 139 139 113 136 136 136 136 136 136 136 
MB 630 -> 139 139 139 139 138 139 139 139 139 113 136 136 136 136 136 136 136 
MB 631 -> 139 139 139 139 138 139 137 138 138 113 135 135 135 135 135 135 135 
MB 632 -> 138 138 137 137 137 137 137 136 138 113 136 136 136 136 136 136 136 
MB 633 -> 138 137 136 137 138 138 139 137 137 113 134 134 134 134 134 134 134 
MB 634 -> 137 138 137 137 136 136 139 139 138 113 135 135 135 135 135 135 135 
MB 635 -> 138 138 139 138 138 137 137 137 136 113 136 136 136 136 136 136 136 
MB 636 -> 136 137 137 137 137 137 138 137 138 113 134 134 134 134 134 134 134 
MB 637 -> 138 138 137 137 137 137 137 137 137 113 135 135 135 135 135 135 135 
MB 638 -> 137 138 138 138 138 137 138 138 137 113 135 135 135 135 135 135 135 
MB 639 -> 137 138 137 137 137 138 138 138 137 113 135 135 135 135 135 135 135 
MB 640 -> 137 137 139 138 138 137 138 139 138 113 134 134 134 134 134 134 134 
MB 641 -> 138 142 136 142 139 141 140 141 141 113 135 135 135 135 135 135 135 
MB 642 -> 141 141 140 139 142 141 141 141 138 113 134 134 134 134 134 134 134 
MB 643 -> 138 139 142 142 142 142 142 142 142 113 134 134 134 134 134 134 134 
MB 644 -> 142 142 141 139 142 139 138 135 135 113 136 136 136 136 136 136 136 
MB 645 -> 135 131 141 138 135 140 136 140 137 113 133 133 133 133 133 133 133 
MB 646 -> 137 135 136 137 140 141 135 139 132 113 133 133 133 133 133 133 133 
MB 647 -> 132 130 132 137 136 134 134 135 134 113 133 133 133 133 133 133 133 
MB 648 -> 134 134 135 135 135 134 134 133 136 113 132 132 132 132 132 132 132 
MB 649 -> 136 134 136 136 137 135 135 136 135 113 132 132 132 132 132 132 132 
MB 650 -> 135 136 136 136 135 137 135 136 136 113 132 132 132 132 132 132 132 
MB 651 -> 136 136 136 135 137 137 137 138 137 113 133 133 133 133 133 133 133 
MB 652 -> 137 136 137 137 138 137 137 137 137 113 134 134 134 134 134 134 134 
MB 653 -> 137 137 137 137 138 138 137 137 138 113 134 134 134 134 134 134 134 
MB 654 -> 138 138 138 138 138 139 139 139 139 113 134 134 134 134 134 134 134 
MB 655 -> 139 139 139 139 139 139 139 138 139 113 135 135 135 135 135 135 135 
MB 656 -> 139 139 139 139 139 138 139 139 138 113 137 137 137 137 137 137 137 
MB 657 -> 138 137 138 138 137 138 136 137 139 113 135 135 135 135 135 135 135 
MB 658 -> 139 137 138 138 139 138 139 139 140 113 135 135 135 135 135 135 135 
MB 659 -> 140 139 139 139 140 140 140 140 141 113 136 136 136 136 136 136 136 
MB 660 -> 141 141 141 141 141 141 140 140 141 113 137 137 137 137 137 137 137 
MB 661 -> 141 140 140 140 141 141 140 140 139 113 136 136 136 136 136 136 136 
MB 662 -> 139 139 139 139 140 138 140 140 140 113 137 137 137 137 137 137 137 
MB 663 -> 140 140 141 141 141 142 142 143 113 113 137 137 137 137 137 137 137 
MB 664 -> 113 113 113 113 113 113 113 113 147 143 139 139 139 139 139 139 139 
MB 665 -> 147 148 148 148 148 148 148 149 148 146 142 142 142 142 142 142 142 
MB 666 -> 148 149 149 149 149 149 150 149 150 147 142 142 142 142 142 142 142 
MB 667 -> 150 149 149 149 149 149 149 149 149 147 143 143 143 143 143 143 143 
MB 668 -> 149 149 149 149 149 149 149 149 149 147 143 143 143 143 143 143 143 
MB 669 -> 149 149 149 149 149 149 149 150 150 147 142 142 142 142 142 142 142 
MB 670 -> 150 113 150 149 149 149 149 149 149 148 113 113 113 113 113 113 113 
MB 671 -> 149 149 149 149 149 149 149 149 149 147 113 113 113 113 113 113 113 
MB 672 -> 149 149 149 149 149 149 149 149 149 147 142 142 142 142 142 142 142 
MB 673 -> 149 149 149 149 150 151 150 150 150 147 142 142 142 142 142 142 142 
MB 674 -> 150 150 150 150 150 150 150 150 150 147 144 144 144 144 144 144 144 
MB 675 -> 150 150 150 150 150 150 150 150 150 147 146 146 146 146 146 146 146 
MB 676 -> 150 150 150 150 150 150 150 113 150 147 146 146 146 146 146 146 146 
MB 677 -> 150 150 150 150 150 150 150 150 150 148 146 146 146 146 146 146 146 
